{"parameters": {"buildingCosts": {"productionCenter": 800000.0, "automationPenalty": 1200000.0, "distributionCenter": 60000.0}, "productionCosts": {"productionCenter": 18.0, "automationBonus": 3.4, "distributionCenter": 2.0}, "routingCosts": {"primary": 0.0075, "secondary": 0.11}, "capacityCost": 1000.0, "capacities": {"productionCenter": 1250000, "automationBonus": 1250000}}, "clients": [{"id": 202, "demand": 538279.0, "coordinates": [52.35978236285714, 32.0813255104762]}, {"id": 78, "demand": 815129.0, "coordinates": [47.932461116666666, 29.814092153333334]}, {"id": 4, "demand": 258639.0, "coordinates": [50.001308439736846, 27.75066327368421]}, {"id": 115, "demand": 196832.0, "coordinates": [49.98953222051282, 30.498906652564102]}, {"id": 24, "demand": 117497.0, "coordinates": [52.43695418617804, 28.13703688948585]}, {"id": 108, "demand": 113252.0, "coordinates": [53.21240197037037, 30.084055059259263]}, {"id": 234, "demand": 245517.0, "coordinates": [49.97105878833333, 33.04388216333335]}, {"id": 170, "demand": 10613.0, "coordinates": [47.17177387777778, 31.73420253333333]}, {"id": 147, "demand": 132214.0, "coordinates": [55.73245731844919, 30.97293118101605]}, {"id": 291, "demand": 67861.0, "coordinates": [53.62759259111111, 34.23521192222222]}, {"id": 44, "demand": 52.0, "coordinates": [54.7361922, 28.5798766]}, {"id": 247, "demand": 2425.0, "coordinates": [55.28233100333333, 33.077360666666664]}], "sites": [{"id": 1, "coordinates": [49.412890000000004, 29.524189999999997]}, {"id": 2, "coordinates": [47.878659999968, 31.48511]}, {"id": 3, "coordinates": [53.3625637, 31.18958]}, {"id": 4, "coordinates": [51.0792, 33.38938]}, {"id": 5, "coordinates": [50.17862, 28.879420000000003]}, {"id": 6, "coordinates": [54.06807, 27.73135]}, {"id": 7, "coordinates": [47.69843, 31.33233]}, {"id": 8, "coordinates": [51.7932987, 29.974183]}, {"id": 9, "coordinates": [52.24783999, 28.213859999999997]}, {"id": 10, "coordinates": [50.563454699, 31.2922096]}, {"id": 11, "coordinates": [48.750685299989996, 33.0294552]}, {"id": 12, "coordinates": [48.6068854999, 32.110978]}, {"id": 13, "coordinates": [49.74226999, 31.69128]}, {"id": 14, "coordinates": [50.68881999, 32.43457]}, {"id": 15, "coordinates": [54.0789446, 32.7149011]}, {"id": 16, "coordinates": [54.83763, 31.180706899999997]}, {"id": 17, "coordinates": [48.988, 30.81892999]}, {"id": 18, "coordinates": [49.33424999, 29.012079999999997]}, {"id": 19, "coordinates": [49.21541999, 28.290059999999997]}, {"id": 20, "coordinates": [53.14758, 29.017539999999997]}], "siteSiteDistances": [[0, 223.27436814, 454.1000949, 331.40072419, 96.90938368, 532.10263657, 232.47759762, 266.58662581, 328.37624687, 179.83685919, 265.6691923, 208.85990198, 160.47793118, 251.58413486, 563.28386791, 613.66625316, 105.26699414, 38.09479941, 92.11532644, 416.7686377], [223.27436814, 0, 610.13794768, 381.5165637, 318.54161453, 736.44627271, 23.06311444, 448.54662978, 538.89520912, 298.86419884, 149.80939696, 93.30011289, 207.77325708, 319.96748433, 694.76706028, 774.08982335, 132.78259825, 243.40811752, 278.19011405, 611.20949839], [454.1000949, 610.13794768, 0, 294.78865397, 388.03549942, 240.68084068, 629.90426163, 192.84777144, 235.29162015, 311.32647616, 528.64701864, 532.71434674, 404.04773704, 309.25621581, 128.12664766, 164.02113552, 487.1138799, 472.71014225, 503.19215971, 146.4484451], [331.40072419, 381.5165637, 294.78865397, 0, 333.43814512, 506.33417041, 404.2934281, 249.66571889, 379.77852813, 158.0803623, 260.19783177, 289.77877388, 191.24664029, 79.81670859, 336.65152745, 443.27507725, 296.23378527, 366.91160211, 418.16678776, 376.74035958], [96.90938368, 318.54161453, 388.03549942, 333.43814512, 0, 439.51633034, 328.82926049, 195.20840523, 234.70824098, 176.37954287, 339.28189045, 291.92127886, 206.89780992, 258.08803461, 506.42522612, 540.88727025, 192.54464237, 94.37214313, 115.18549106, 330.2709889], [532.10263657, 736.44627271, 240.68084068, 506.33417041, 439.51633034, 0, 751.72494221, 294.20852796, 204.94002606, 458.61557086, 695.71250577, 678.89378919, 552.21894285, 492.84499306, 325.07865543, 238.81015859, 603.76409852, 533.70152203, 540.96162718, 132.94850353], [232.47759762, 23.06311444, 629.90426163, 404.2934281, 328.82926049, 751.72494221, 0, 465.64618891, 552.71908228, 318.59001084, 171.73719806, 116.36314838, 228.78458785, 342.0164534, 716.0415802, 793.91348678, 148.32821762, 249.56200369, 280.64835553, 627.62912296], [266.58662581, 448.54662978, 192.84777144, 249.66571889, 195.20840523, 294.20852796, 465.64618891, 0, 130.62355578, 164.74403088, 401.92734808, 385.53369632, 258.04391805, 210.73745457, 313.52619011, 347.85924546, 317.6258139, 281.74523322, 310.38551416, 163.93581417], [328.37624687, 538.89520912, 235.29162015, 379.77852813, 234.70824098, 204.94002606, 552.71908228, 130.62355578, 0, 283.98492068, 516.71472903, 489.86023211, 369.84532155, 339.81505579, 362.51450152, 348.29423753, 406.34605725, 328.79387219, 337.23277794, 113.76260253], [179.83685919, 298.86419884, 311.32647616, 158.0803623, 176.37954287, 458.61557086, 318.59001084, 164.74403088, 283.98492068, 0, 237.19539595, 225.4215546, 95.63560573, 81.77776067, 402.66461236, 475.32647891, 178.44781832, 212.81628164, 262.11967161, 327.02401429], [265.6691923, 149.80939696, 528.64701864, 260.19783177, 339.28189045, 695.71250577, 171.73719806, 401.92734808, 516.71472903, 237.19539595, 0, 69.30379504, 146.9394709, 219.71136425, 592.87601883, 688.6115417, 163.8147058, 299.88381485, 349.63813042, 563.72912982], [208.85990198, 93.30011289, 532.71434674, 289.77877388, 291.92127886, 678.89378919, 116.36314838, 385.53369632, 489.86023211, 225.4215546, 69.30379504, 0, 129.88279894, 232.66956365, 609.904035, 695.76818942, 103.69154537, 240.20267547, 287.28171983, 549.44618161], [160.47793118, 207.77325708, 404.04773704, 191.24664029, 206.89780992, 552.21894285, 228.78458785, 258.04391805, 369.84532155, 95.63560573, 146.9394709, 129.88279894, 0, 117.79089618, 487.28779488, 567.63795168, 104.99784789, 198.56858809, 252.58896707, 421.48970277], [251.58413486, 319.96748433, 309.25621581, 79.81670859, 258.08803461, 492.84499306, 342.0164534, 210.73745457, 339.81505579, 81.77776067, 219.71136425, 232.66956365, 117.79089618, 0, 377.44416297, 468.95746752, 221.78037944, 287.18091058, 338.7032079, 360.01368782], [563.28386791, 694.76706028, 128.12664766, 336.65152745, 506.42522612, 325.07865543, 716.0415802, 313.52619011, 362.51450152, 402.66461236, 592.87601883, 609.904035, 487.28779488, 377.44416297, 0, 130.19017893, 581.02342035, 585.84798259, 620.74140097, 264.93026449], [613.66625316, 774.08982335, 164.02113552, 443.27507725, 540.88727025, 238.81015859, 793.91348678, 347.85924546, 348.29423753, 475.32647891, 688.6115417, 695.76818942, 567.63795168, 468.95746752, 130.19017893, 0, 650.92083421, 629.55168985, 655.55340372, 235.16089292], [105.26699414, 132.78259825, 487.1138799, 296.23378527, 192.54464237, 603.76409852, 148.32821762, 317.6258139, 406.34605725, 178.44781832, 163.8147058, 103.69154537, 104.99784789, 221.78037944, 581.02342035, 650.92083421, 0, 136.90491541, 185.82495473, 479.30499442], [38.09479941, 243.40811752, 472.71014225, 366.91160211, 94.37214313, 533.70152203, 249.56200369, 281.74523322, 328.79387219, 212.81628164, 299.88381485, 240.20267547, 198.56858809, 287.18091058, 585.84798259, 629.55168985, 136.90491541, 0, 54.02112643, 424.02370642], [92.11532644, 278.19011405, 503.19215971, 418.16678776, 115.18549106, 540.96162718, 280.64835553, 310.38551416, 337.23277794, 262.11967161, 349.63813042, 287.28171983, 252.58896707, 338.7032079, 620.74140097, 655.55340372, 185.82495473, 54.02112643, 0, 440.16090662], [416.7686377, 611.20949839, 146.4484451, 376.74035958, 330.2709889, 132.94850353, 627.62912296, 163.93581417, 113.76260253, 327.02401429, 563.72912982, 549.44618161, 421.48970277, 360.01368782, 264.93026449, 235.16089292, 479.30499442, 424.02370642, 440.16090662, 0]], "siteClientDistances": [[373.50857165, 165.98669065, 143.33243718, 95.00017473, 350.01712218, 424.27158975, 260.64659977, 298.01892754, 709.45017041, 570.58838102, 595.41799096, 695.61977458], [500.08380912, 124.6990281, 360.62315015, 245.51882276, 560.02515846, 601.25948764, 259.02680873, 80.79673444, 874.00683566, 667.75512948, 788.63468125, 830.51220959], [126.55662309, 611.5080687, 442.49476836, 378.07089435, 229.13400805, 75.359159, 398.17660799, 689.46724782, 263.89034201, 203.59331465, 228.78216286, 246.06180781], [168.50331707, 434.71807837, 415.99230259, 237.49477624, 391.64949839, 327.24454342, 125.6166533, 450.83923787, 541.56042805, 289.1272543, 518.77208031, 467.82845502], [329.24528797, 258.875933, 82.90423707, 117.44481584, 256.35937037, 347.39516149, 298.04620154, 394.55127329, 633.2051787, 530.84130283, 507.18456212, 633.73412489], [346.28681371, 697.56077019, 452.20580305, 491.35555458, 183.36825204, 181.94068998, 582.49708165, 816.84645122, 277.81000163, 429.28408869, 92.38722009, 369.16686235], [521.06540673, 116.31284851, 366.32535678, 261.95317515, 573.99616939, 619.43609203, 282.03239089, 65.90213198, 893.68409831, 690.1614517, 805.53888837, 851.83093627], [157.17116115, 429.45917496, 253.00048791, 203.91729554, 144.41945371, 157.9723986, 295.64458685, 529.34331052, 442.89460933, 352.0409127, 340.10271401, 438.72108271], [263.22333666, 493.20864498, 251.88468068, 297.44712012, 21.66649949, 165.40634724, 421.50754075, 618.41092625, 427.31470425, 431.53727965, 277.74888497, 464.58617581], [207.08562963, 311.59028652, 259.26059405, 85.15021808, 301.77217315, 305.98570972, 140.84969174, 378.51936347, 575.16022253, 395.52966468, 498.66782231, 538.14223662], [406.85526658, 254.44330849, 406.58033173, 229.2144226, 535.73415133, 537.14643458, 135.70354933, 200.3057234, 788.77239032, 548.73802813, 732.32171366, 726.29421941], [417.30893153, 185.7981432, 352.04219503, 193.12642541, 510.02719993, 531.40609163, 166.09155772, 162.03083925, 796.09155769, 577.56245096, 723.50743605, 745.20664624], [292.32745194, 243.64971581, 283.83676647, 89.77474483, 389.00755743, 401.56755993, 100.24509668, 285.84403239, 667.82294876, 466.19135391, 594.19324844, 623.09398737], [187.40247134, 360.5386723, 340.98705157, 157.84533875, 354.92123602, 323.51969227, 90.77651074, 394.4056386, 569.17673748, 349.07119875, 519.40381593, 512.57898392], [195.75891526, 712.80094397, 566.16007424, 479.2617118, 354.95265004, 198.36318652, 457.32954627, 771.1321111, 214.94219865, 111.63036682, 277.36060976, 135.8237173], [281.85447747, 773.61508936, 585.75081866, 541.05716041, 333.88404345, 194.39037233, 555.65073467, 853.27749812, 100.36642794, 239.78851685, 167.12927953, 130.51009933], [385.31824265, 138.79867416, 248.57402451, 113.73891363, 427.40161011, 472.52003267, 194.37639756, 213.09000429, 750.02287284, 567.76834577, 657.31364403, 716.57045124], [399.43561759, 166.63957744, 117.22733422, 129.46285541, 350.41633924, 437.61772262, 298.72040338, 313.70560732, 723.62856447, 598.60612898, 601.39334475, 716.51937806], [439.50331021, 181.44143213, 95.63967286, 180.95117499, 358.3797307, 461.63775478, 352.72869157, 341.71823423, 746.95065838, 640.3628955, 614.20212102, 748.78547199], [224.00568769, 582.61108347, 360.62275664, 365.75987491, 98.73608214, 71.43598775, 449.55599081, 691.95540675, 313.97895912, 350.02821959, 178.95236379, 354.90044526]]}