{"parameters": {"buildingCosts": {"productionCenter": 800000.0, "automationPenalty": 1200000.0, "distributionCenter": 60000.0}, "productionCosts": {"productionCenter": 18.0, "automationBonus": 3.4, "distributionCenter": 2.0}, "routingCosts": {"primary": 0.0075, "secondary": 0.11}, "capacityCost": 1000.0, "capacities": {"productionCenter": 1250000, "automationBonus": 1250000}}, "clients": [{"id": 64, "demand": 203903.0, "coordinates": [49.096371669444444, 29.227353302182536]}, {"id": 300, "demand": 34214.0, "coordinates": [54.5423166, 34.492540625000004]}, {"id": 213, "demand": 146201.0, "coordinates": [48.6111971, 32.60079416333333]}, {"id": 273, "demand": 102808.0, "coordinates": [51.18957298914182, 33.81938669621499]}, {"id": 90, "demand": 76550.0, "coordinates": [52.9058744, 29.7141467]}, {"id": 50, "demand": 126921.0, "coordinates": [50.72367099732574, 28.82428995666438]}, {"id": 177, "demand": 161561.0, "coordinates": [49.97807702916667, 31.775382000000008]}, {"id": 7, "demand": 20365.0, "coordinates": [51.206641536574075, 27.69117335277778]}, {"id": 244, "demand": 117672.0, "coordinates": [54.09447044444445, 33.027128766666664]}, {"id": 202, "demand": 152851.0, "coordinates": [52.35978236285714, 32.0813255104762]}, {"id": 301, "demand": 168310.0, "coordinates": [54.56805113754451, 30.601166005007638]}, {"id": 168, "demand": 60083.0, "coordinates": [55.329168538235294, 31.391898200490196]}, {"id": 43, "demand": 37237.0, "coordinates": [54.43000535454546, 28.56527060909091]}, {"id": 15, "demand": 44971.0, "coordinates": [48.71841792416379, 28.09495491716067]}, {"id": 235, "demand": 98795.0, "coordinates": [50.30050026399999, 32.976088052]}, {"id": 96, "demand": 119420.0, "coordinates": [48.3842574961039, 30.175365956493508]}, {"id": 38, "demand": 57962.0, "coordinates": [52.3944083625, 28.541673774999992]}, {"id": 140, "demand": 83251.0, "coordinates": [52.84875711666667, 30.971168400000003]}, {"id": 148, "demand": 100140.0, "coordinates": [47.18559348, 31.265904399999997]}, {"id": 151, "demand": 96532.0, "coordinates": [48.38504533364841, 31.39059466171569]}, {"id": 241, "demand": 16646.0, "coordinates": [52.79258187, 33.016082139999995]}, {"id": 115, "demand": 160967.0, "coordinates": [49.98953222051282, 30.498906652564102]}, {"id": 266, "demand": 3613.0, "coordinates": [55.199420716666665, 33.39735218333334]}, {"id": 283, "demand": 9225.0, "coordinates": [49.94560061388889, 34.13416709166666]}, {"id": 136, "demand": 30312.0, "coordinates": [51.160089604999996, 30.883796894285723]}, {"id": 268, "demand": 74.0, "coordinates": [48.6318, 33.65199]}, {"id": 12, "demand": 1612.0, "coordinates": [53.21819802857143, 27.818191646428573]}, {"id": 289, "demand": 10043.0, "coordinates": [52.82209802857143, 34.07413965714286]}, {"id": 87, "demand": 662.0, "coordinates": [51.60905635777778, 29.62433863444445]}, {"id": 65, "demand": 113379.0, "coordinates": [49.54553819202368, 29.373136368793112]}, {"id": 187, "demand": 17079.0, "coordinates": [54.115387150000004, 31.760046879166666]}, {"id": 76, "demand": 344.0, "coordinates": [47.083778611111114, 29.577437944444434]}, {"id": 310, "demand": 1025.0, "coordinates": [47.89973605741936, 28.974850234991422]}, {"id": 199, "demand": 5214.0, "coordinates": [51.21907913250916, 32.08788694629121]}, {"id": 18, "demand": 14025.0, "coordinates": [49.96241656677884, 28.12817450801282]}, {"id": 150, "demand": 104343.0, "coordinates": [47.91871684908409, 31.375501800018313]}], "sites": [{"id": 1, "coordinates": [49.412890000000004, 29.524189999999997]}, {"id": 2, "coordinates": [47.878659999968, 31.48511]}, {"id": 3, "coordinates": [53.3625637, 31.18958]}, {"id": 4, "coordinates": [51.0792, 33.38938]}, {"id": 5, "coordinates": [50.17862, 28.879420000000003]}, {"id": 6, "coordinates": [54.06807, 27.73135]}, {"id": 7, "coordinates": [47.69843, 31.33233]}, {"id": 8, "coordinates": [51.7932987, 29.974183]}, {"id": 9, "coordinates": [52.24783999, 28.213859999999997]}, {"id": 10, "coordinates": [50.563454699, 31.2922096]}, {"id": 11, "coordinates": [48.750685299989996, 33.0294552]}, {"id": 12, "coordinates": [48.6068854999, 32.110978]}, {"id": 13, "coordinates": [49.74226999, 31.69128]}, {"id": 14, "coordinates": [50.68881999, 32.43457]}, {"id": 15, "coordinates": [54.0789446, 32.7149011]}, {"id": 16, "coordinates": [54.83763, 31.180706899999997]}, {"id": 17, "coordinates": [48.988, 30.81892999]}, {"id": 18, "coordinates": [49.33424999, 29.012079999999997]}, {"id": 19, "coordinates": [49.21541999, 28.290059999999997]}, {"id": 20, "coordinates": [53.14758, 29.017539999999997]}], "siteSiteDistances": [[0, 223.27436814, 454.1000949, 331.40072419, 96.90938368, 532.10263657, 232.47759762, 266.58662581, 328.37624687, 179.83685919, 265.6691923, 208.85990198, 160.47793118, 251.58413486, 563.28386791, 613.66625316, 105.26699414, 38.09479941, 92.11532644, 416.7686377], [223.27436814, 0, 610.13794768, 381.5165637, 318.54161453, 736.44627271, 23.06311444, 448.54662978, 538.89520912, 298.86419884, 149.80939696, 93.30011289, 207.77325708, 319.96748433, 694.76706028, 774.08982335, 132.78259825, 243.40811752, 278.19011405, 611.20949839], [454.1000949, 610.13794768, 0, 294.78865397, 388.03549942, 240.68084068, 629.90426163, 192.84777144, 235.29162015, 311.32647616, 528.64701864, 532.71434674, 404.04773704, 309.25621581, 128.12664766, 164.02113552, 487.1138799, 472.71014225, 503.19215971, 146.4484451], [331.40072419, 381.5165637, 294.78865397, 0, 333.43814512, 506.33417041, 404.2934281, 249.66571889, 379.77852813, 158.0803623, 260.19783177, 289.77877388, 191.24664029, 79.81670859, 336.65152745, 443.27507725, 296.23378527, 366.91160211, 418.16678776, 376.74035958], [96.90938368, 318.54161453, 388.03549942, 333.43814512, 0, 439.51633034, 328.82926049, 195.20840523, 234.70824098, 176.37954287, 339.28189045, 291.92127886, 206.89780992, 258.08803461, 506.42522612, 540.88727025, 192.54464237, 94.37214313, 115.18549106, 330.2709889], [532.10263657, 736.44627271, 240.68084068, 506.33417041, 439.51633034, 0, 751.72494221, 294.20852796, 204.94002606, 458.61557086, 695.71250577, 678.89378919, 552.21894285, 492.84499306, 325.07865543, 238.81015859, 603.76409852, 533.70152203, 540.96162718, 132.94850353], [232.47759762, 23.06311444, 629.90426163, 404.2934281, 328.82926049, 751.72494221, 0, 465.64618891, 552.71908228, 318.59001084, 171.73719806, 116.36314838, 228.78458785, 342.0164534, 716.0415802, 793.91348678, 148.32821762, 249.56200369, 280.64835553, 627.62912296], [266.58662581, 448.54662978, 192.84777144, 249.66571889, 195.20840523, 294.20852796, 465.64618891, 0, 130.62355578, 164.74403088, 401.92734808, 385.53369632, 258.04391805, 210.73745457, 313.52619011, 347.85924546, 317.6258139, 281.74523322, 310.38551416, 163.93581417], [328.37624687, 538.89520912, 235.29162015, 379.77852813, 234.70824098, 204.94002606, 552.71908228, 130.62355578, 0, 283.98492068, 516.71472903, 489.86023211, 369.84532155, 339.81505579, 362.51450152, 348.29423753, 406.34605725, 328.79387219, 337.23277794, 113.76260253], [179.83685919, 298.86419884, 311.32647616, 158.0803623, 176.37954287, 458.61557086, 318.59001084, 164.74403088, 283.98492068, 0, 237.19539595, 225.4215546, 95.63560573, 81.77776067, 402.66461236, 475.32647891, 178.44781832, 212.81628164, 262.11967161, 327.02401429], [265.6691923, 149.80939696, 528.64701864, 260.19783177, 339.28189045, 695.71250577, 171.73719806, 401.92734808, 516.71472903, 237.19539595, 0, 69.30379504, 146.9394709, 219.71136425, 592.87601883, 688.6115417, 163.8147058, 299.88381485, 349.63813042, 563.72912982], [208.85990198, 93.30011289, 532.71434674, 289.77877388, 291.92127886, 678.89378919, 116.36314838, 385.53369632, 489.86023211, 225.4215546, 69.30379504, 0, 129.88279894, 232.66956365, 609.904035, 695.76818942, 103.69154537, 240.20267547, 287.28171983, 549.44618161], [160.47793118, 207.77325708, 404.04773704, 191.24664029, 206.89780992, 552.21894285, 228.78458785, 258.04391805, 369.84532155, 95.63560573, 146.9394709, 129.88279894, 0, 117.79089618, 487.28779488, 567.63795168, 104.99784789, 198.56858809, 252.58896707, 421.48970277], [251.58413486, 319.96748433, 309.25621581, 79.81670859, 258.08803461, 492.84499306, 342.0164534, 210.73745457, 339.81505579, 81.77776067, 219.71136425, 232.66956365, 117.79089618, 0, 377.44416297, 468.95746752, 221.78037944, 287.18091058, 338.7032079, 360.01368782], [563.28386791, 694.76706028, 128.12664766, 336.65152745, 506.42522612, 325.07865543, 716.0415802, 313.52619011, 362.51450152, 402.66461236, 592.87601883, 609.904035, 487.28779488, 377.44416297, 0, 130.19017893, 581.02342035, 585.84798259, 620.74140097, 264.93026449], [613.66625316, 774.08982335, 164.02113552, 443.27507725, 540.88727025, 238.81015859, 793.91348678, 347.85924546, 348.29423753, 475.32647891, 688.6115417, 695.76818942, 567.63795168, 468.95746752, 130.19017893, 0, 650.92083421, 629.55168985, 655.55340372, 235.16089292], [105.26699414, 132.78259825, 487.1138799, 296.23378527, 192.54464237, 603.76409852, 148.32821762, 317.6258139, 406.34605725, 178.44781832, 163.8147058, 103.69154537, 104.99784789, 221.78037944, 581.02342035, 650.92083421, 0, 136.90491541, 185.82495473, 479.30499442], [38.09479941, 243.40811752, 472.71014225, 366.91160211, 94.37214313, 533.70152203, 249.56200369, 281.74523322, 328.79387219, 212.81628164, 299.88381485, 240.20267547, 198.56858809, 287.18091058, 585.84798259, 629.55168985, 136.90491541, 0, 54.02112643, 424.02370642], [92.11532644, 278.19011405, 503.19215971, 418.16678776, 115.18549106, 540.96162718, 280.64835553, 310.38551416, 337.23277794, 262.11967161, 349.63813042, 287.28171983, 252.58896707, 338.7032079, 620.74140097, 655.55340372, 185.82495473, 54.02112643, 0, 440.16090662], [416.7686377, 611.20949839, 146.4484451, 376.74035958, 330.2709889, 132.94850353, 627.62912296, 163.93581417, 113.76260253, 327.02401429, 563.72912982, 549.44618161, 421.48970277, 360.01368782, 264.93026449, 235.16089292, 479.30499442, 424.02370642, 440.16090662, 0]], "siteClientDistances": [[41.26527185, 663.79054574, 241.42213506, 363.36166133, 388.62812295, 154.07331119, 173.68011857, 238.15624983, 573.52635536, 373.50857165, 577.93368091, 669.90416314, 561.72652206, 129.63198228, 266.38269342, 123.88704736, 338.60446049, 395.14654524, 279.15222411, 177.96787694, 447.84579935, 95.00017473, 694.96749223, 336.88083014, 216.96000248, 313.22393277, 439.39567184, 494.33692849, 244.30548792, 18.34806276, 544.99070856, 259.01571822, 173.02464256, 271.02463794, 117.55260627, 214.66869179], [214.50781518, 769.82676848, 116.01623828, 404.81293575, 572.87754604, 370.48385341, 234.40549857, 460.16476234, 699.49908262, 500.08380912, 746.35390898, 828.48470121, 756.23380923, 267.56925575, 290.34364488, 112.28680948, 544.07362925, 553.84736821, 78.80309173, 56.74275613, 557.06825974, 245.51882276, 824.62222691, 300.46134007, 367.44805157, 180.9589182, 647.58479311, 579.46866775, 435.77973726, 241.57061727, 693.75876411, 168.40959391, 187.18067043, 373.97141428, 337.35224462, 9.30640949], [493.61340138, 252.78276023, 537.45446979, 300.61429287, 110.75198597, 335.02461977, 378.49664987, 337.71003356, 145.71804254, 126.55662309, 139.4596043, 219.06933888, 208.91549046, 559.76672132, 361.91103076, 558.1030113, 207.74027116, 58.96373334, 686.87000529, 553.65462024, 137.48173837, 378.07089435, 249.49007144, 430.75450154, 245.78626156, 553.4565083, 224.64238242, 201.75919401, 221.91279234, 442.66406959, 91.7327741, 707.47781306, 627.12164662, 246.04556043, 432.95334525, 605.47037099], [369.74822998, 392.14132905, 280.19005836, 32.41650404, 323.31966985, 322.5092692, 167.34558915, 397.66850652, 336.17394204, 168.50331707, 430.72767558, 490.89055077, 493.96515271, 461.02826578, 91.35074492, 378.28665231, 364.34900625, 257.19926288, 459.63811833, 332.20884296, 192.23005176, 237.49477624, 458.14858093, 136.60805403, 175.10413794, 272.78874256, 448.21452381, 199.40018804, 268.03034388, 332.22061055, 355.06678843, 523.71935231, 475.92439097, 92.1034606, 392.03245729, 380.2974711], [122.92095639, 616.6268094, 320.7351429, 365.65323462, 308.69675081, 60.73254799, 207.83709646, 141.67391224, 519.15255445, 329.24528797, 501.84224779, 597.052914, 473.21410817, 171.98328402, 291.62513691, 220.55144708, 247.50103706, 330.27587407, 376.06138438, 270.07012223, 407.95000835, 117.44481584, 635.62148495, 375.91203517, 178.49465379, 385.68525459, 345.79833465, 464.23332837, 167.41619512, 78.79008833, 479.7525089, 347.92882175, 253.49608108, 253.83798171, 58.75906187, 310.18464448], [562.37438892, 441.64061361, 694.30401799, 520.54476475, 184.13344874, 379.18999503, 532.15130013, 318.18830292, 345.38159227, 346.28681371, 194.2411476, 273.79268267, 67.48921977, 595.3874913, 550.48130065, 654.4211803, 193.75744768, 253.71605134, 804.62553166, 681.13372584, 377.63208206, 491.35555458, 385.61990428, 633.70873907, 387.02813676, 730.51863259, 94.67478025, 442.13973979, 301.52078593, 515.35809768, 262.74747755, 787.41063285, 691.36031779, 431.99612751, 457.3334198, 729.54660661], [219.78955241, 792.11678705, 138.39838075, 427.75588033, 590.29632163, 382.50431832, 255.54971508, 470.45357894, 721.0154842, 521.06540673, 765.55842016, 848.51051156, 772.9316672, 265.3287822, 313.18163352, 114.94999298, 558.79102212, 573.26384267, 57.24328591, 76.47101861, 578.91607161, 261.95317515, 846.16041816, 323.23694853, 386.28177939, 200.90698295, 662.06583239, 602.02811453, 451.8572957, 250.82382789, 714.16039667, 148.73253293, 177.49790124, 395.26322048, 344.00671828, 24.70608001], [304.50768758, 428.96568506, 400.11968718, 274.51439526, 124.96716215, 143.34462619, 238.11316461, 170.95618501, 327.53534997, 157.17116115, 311.3513993, 404.14435064, 307.88442503, 367.05455492, 267.52852239, 379.33981692, 118.50624163, 135.51593565, 520.75705001, 392.20077578, 234.80311, 203.91729554, 441.14740909, 356.88561055, 94.47627791, 438.13977932, 215.38098864, 301.24982778, 31.63809183, 253.50136572, 284.55067027, 524.45836516, 438.82277026, 159.61102785, 241.27403438, 442.36850352], [357.62208341, 488.00075902, 509.78457866, 403.56323127, 125.0218132, 174.66948751, 354.19301804, 121.24315018, 380.77976048, 263.22333666, 302.61893452, 401.12507684, 243.76426913, 392.54437972, 395.64129922, 451.57812678, 27.60478359, 198.03714004, 604.01350553, 485.03231881, 330.45071927, 297.44712012, 473.07350871, 486.03747012, 220.160777, 556.47121335, 111.13885634, 401.36716041, 119.9910506, 311.27668634, 314.51850736, 582.5148587, 486.52058964, 290.22913533, 254.19819543, 531.48610173], [220.31829691, 492.38101234, 236.68140593, 190.48113564, 282.20853986, 174.92302242, 73.59357947, 262.51254873, 409.91662028, 207.08562963, 447.72826613, 529.96587333, 467.80900115, 308.32187551, 122.79879886, 255.39152928, 278.76766608, 255.07474686, 375.606469, 242.33262616, 274.87345394, 85.15021808, 534.43602624, 213.39530693, 72.27030778, 273.93995241, 379.35009267, 315.93154006, 164.57936065, 177.70603289, 396.2317848, 406.74815299, 340.61005228, 91.81091267, 234.60785681, 294.14394012], [280.40703836, 651.82619055, 35.08538676, 277.00979462, 517.26058877, 373.34511424, 163.9273986, 469.1598335, 594.20263969, 406.85526658, 668.09028369, 739.96461742, 702.45247857, 361.84364951, 172.37482896, 213.91186959, 514.18497821, 478.04136204, 217.98981098, 127.25598951, 449.43999501, 229.2144226, 717.50754655, 155.10231119, 308.74121013, 47.56871376, 615.96957744, 458.62539063, 399.66998139, 280.20421896, 602.95714009, 317.02204528, 314.30534272, 282.60174528, 379.6056298, 153.31012683], [217.88000619, 680.09792353, 36.0151304, 312.14296488, 506.81398896, 333.63845636, 154.39951791, 428.52218047, 613.48607748, 417.30893153, 670.96685843, 749.09534293, 692.1990021, 295.17667026, 198.42874368, 144.75670936, 490.87998393, 478.43263483, 170.13310734, 58.53342914, 469.7633239, 193.12642541, 738.31646461, 209.03294773, 297.19566971, 113.30628883, 594.30653886, 488.61684166, 377.94984271, 225.06422465, 613.00058905, 253.80693226, 245.12351604, 290.46778215, 325.78180636, 93.91119531], [192.14170993, 566.82459154, 142.08552536, 220.40831771, 377.61585165, 231.26327639, 26.90470564, 326.50077187, 492.51472534, 292.32745194, 541.71392276, 621.56395419, 563.17588061, 284.83766318, 110.80586929, 187.07595154, 367.89478245, 349.03104056, 286.01333825, 152.49806727, 351.46366233, 89.77474483, 617.66414463, 176.61596842, 167.69790333, 188.54195441, 470.30010752, 380.40316275, 253.55481284, 168.3333465, 486.29190808, 334.22167653, 285.4941069, 166.59382552, 256.59907954, 204.08279082], [290.02150293, 450.40198794, 231.33101459, 111.87109884, 309.42444033, 254.23828122, 91.84143066, 337.19300572, 380.81655504, 187.40247134, 448.7087119, 520.66211717, 491.23073626, 381.21163143, 57.72089022, 303.68530973, 329.24314347, 260.41633199, 398.77053577, 267.00840377, 237.32764681, 157.84533875, 505.67505224, 146.25488532, 120.66474619, 244.93246438, 423.15166706, 262.67024323, 221.10021098, 252.57311224, 383.75061178, 451.94686349, 398.81829795, 63.76700854, 316.14796162, 317.43950654], [603.97856123, 126.2985312, 608.0380519, 329.80531943, 237.4990507, 456.86856236, 460.49284611, 465.51562841, 20.4373356, 195.75891526, 147.46307499, 162.93912433, 272.32500872, 676.42782385, 420.52068952, 657.33264693, 334.91033581, 178.97515505, 773.24507644, 639.78162041, 144.42148159, 479.2617118, 132.10316453, 469.7335383, 347.27459924, 609.16609255, 336.55176047, 166.22388763, 344.18197777, 553.81861028, 62.39364082, 808.54878491, 735.01446505, 320.80029749, 554.7479962, 691.33570909], [652.20622358, 215.35113895, 699.18471589, 442.3108684, 235.32536421, 484.05767922, 541.85649584, 466.21954732, 145.13751863, 281.85447747, 47.80195032, 56.28514825, 174.31261158, 712.59444462, 518.84727166, 720.91292511, 322.60540405, 221.5794283, 850.88951774, 717.64113564, 257.32726755, 541.05716041, 146.91743269, 579.58268221, 409.40579539, 710.61495617, 283.95384555, 293.69147199, 373.62918654, 601.16129995, 88.60338381, 869.4093555, 786.40556992, 406.90347962, 580.17158964, 769.46706253], [116.62999012, 667.12166136, 137.06684839, 325.13856927, 442.45551191, 240.17922104, 129.97524489, 332.56074485, 587.91514007, 385.31824265, 620.65424139, 706.18260114, 624.64455656, 201.53073705, 213.11231336, 82.08958398, 411.29119426, 429.42954642, 203.14902135, 79.09546823, 450.19220389, 113.73891363, 712.65774389, 262.1403412, 241.57000863, 211.19460197, 514.81454893, 483.47137639, 303.53786289, 121.85156558, 573.8272691, 230.97767907, 182.04897277, 264.06683855, 222.54739468, 125.78357456], [30.72689541, 689.84187043, 273.97163369, 399.05193708, 400.1531623, 155.07787918, 211.39051279, 228.37790434, 597.00316679, 399.43561759, 592.03352766, 685.83247256, 567.44906811, 95.7100489, 303.97250016, 135.64666546, 341.87023305, 414.01385978, 291.38145148, 203.49713491, 475.41302162, 129.46285541, 716.86391637, 374.96814941, 242.74130992, 347.43009914, 439.77090632, 524.59845061, 256.62909855, 35.1210491, 564.21638126, 253.72184456, 159.53436163, 302.77150562, 94.49029288, 234.38736565], [69.43481763, 728.86498273, 322.05409052, 450.45420969, 422.23344885, 172.00607656, 265.09441379, 225.47597156, 633.01887335, 439.50331021, 615.86531761, 711.64310599, 580.14342623, 57.06988411, 357.51065857, 166.15291003, 353.92916566, 445.31465535, 315.52631293, 245.12134495, 517.04241473, 180.95117499, 750.43364695, 428.97317852, 284.32008131, 397.00553655, 446.29819383, 569.33730758, 282.44180548, 86.57194699, 594.91646174, 255.53643789, 154.73328462, 350.14592469, 83.87799086, 268.91814582], [450.71182402, 391.08823405, 563.42583286, 393.12744375, 53.7836529, 269.8518928, 400.61642078, 233.99621875, 284.58145338, 224.00568769, 189.02437309, 287.45654329, 145.66056028, 496.71489619, 417.68651282, 535.86124025, 89.65842904, 134.89167091, 681.92031226, 555.16498795, 270.62040477, 365.75987491, 365.00942147, 501.71013583, 255.03105449, 597.89151292, 80.30253192, 340.35754428, 175.96294446, 401.2886215, 210.4078943, 675.43987422, 583.54220243, 299.6197595, 359.46446887, 604.74939644]]}