{"parameters": {"buildingCosts": {"productionCenter": 800000.0, "automationPenalty": 1200000.0, "distributionCenter": 60000.0}, "productionCosts": {"productionCenter": 18.0, "automationBonus": 3.4, "distributionCenter": 2.0}, "routingCosts": {"primary": 0.0075, "secondary": 0.11}, "capacityCost": 1000.0, "capacities": {"productionCenter": 1250000, "automationBonus": 1250000}}, "clients": [{"id": 162, "demand": 91967.0, "coordinates": [52.96450191674301, 31.384739087469633]}, {"id": 199, "demand": 25037.0, "coordinates": [51.21907913250916, 32.08788694629121]}, {"id": 310, "demand": 18066.0, "coordinates": [47.89973605741936, 28.974850234991422]}, {"id": 120, "demand": 15712.0, "coordinates": [52.021687203030304, 30.573976298737364]}, {"id": 233, "demand": 72980.0, "coordinates": [49.630905501474885, 33.025999388318844]}, {"id": 225, "demand": 40951.0, "coordinates": [53.71285204, 32.4744533075]}, {"id": 243, "demand": 14752.0, "coordinates": [53.6439595875, 33.01017900982143]}, {"id": 118, "demand": 10717.0, "coordinates": [51.2131210625, 30.48485077638889]}, {"id": 70, "demand": 2584.0, "coordinates": [51.47344628333333, 29.39332166333334]}, {"id": 74, "demand": 12278.0, "coordinates": [53.22517529890873, 29.352178558333335]}, {"id": 281, "demand": 30035.0, "coordinates": [54.569010375000005, 33.87202965]}, {"id": 300, "demand": 723.0, "coordinates": [54.5423166, 34.492540625000004]}, {"id": 79, "demand": 34600.0, "coordinates": [48.38066442666667, 29.807154559999994]}, {"id": 126, "demand": 25191.0, "coordinates": [47.09293341607143, 30.951390010416652]}, {"id": 149, "demand": 171022.0, "coordinates": [47.4907286747534, 31.396840284126938]}, {"id": 196, "demand": 24811.0, "coordinates": [49.9951729574235, 32.11538946358438]}, {"id": 125, "demand": 76094.0, "coordinates": [53.971111564285714, 30.54106899285714]}, {"id": 290, "demand": 18260.0, "coordinates": [53.24825758524123, 34.21455771763158]}, {"id": 24, "demand": 33178.0, "coordinates": [52.43695418617804, 28.13703688948585]}, {"id": 309, "demand": 9666.0, "coordinates": [48.346238858439094, 28.044161726494767]}, {"id": 299, "demand": 2333.0, "coordinates": [52.199347700000004, 34.4368779]}, {"id": 122, "demand": 8197.0, "coordinates": [52.784521705555555, 30.56301148055556]}, {"id": 82, "demand": 182568.0, "coordinates": [49.5293821075, 29.756771112083335]}, {"id": 152, "demand": 124609.0, "coordinates": [48.70172211111111, 31.38738423710319]}, {"id": 178, "demand": 34528.0, "coordinates": [50.514245242777776, 31.827830817222228]}, {"id": 217, "demand": 28895.0, "coordinates": [50.322672745, 32.63466357333333]}, {"id": 64, "demand": 20232.0, "coordinates": [49.096371669444444, 29.227353302182536]}, {"id": 249, "demand": 22333.0, "coordinates": [48.36510023700425, 33.38154834190235]}, {"id": 232, "demand": 34224.0, "coordinates": [49.0971934068323, 33.044858129968944]}, {"id": 123, "demand": 43749.0, "coordinates": [53.289525814492066, 30.5926618348254]}, {"id": 176, "demand": 34248.0, "coordinates": [49.5508180542024, 31.745765260506005]}, {"id": 296, "demand": 3784.0, "coordinates": [50.02439349375, 34.67448834479167]}, {"id": 17, "demand": 30988.0, "coordinates": [49.536438422440476, 28.14792850452381]}, {"id": 40, "demand": 18057.0, "coordinates": [53.19905197916667, 28.551611887500002]}, {"id": 146, "demand": 71839.0, "coordinates": [55.276588287500005, 31.041723899999994]}, {"id": 238, "demand": 17078.0, "coordinates": [51.654396812499996, 32.991069618750004]}, {"id": 102, "demand": 12984.0, "coordinates": [50.76572522888889, 30.098125045555555]}, {"id": 4, "demand": 13937.0, "coordinates": [50.001308439736846, 27.75066327368421]}, {"id": 263, "demand": 11036.0, "coordinates": [54.07943329047619, 33.430406]}, {"id": 68, "demand": 24121.0, "coordinates": [50.786894708333335, 29.35215924166667]}, {"id": 9, "demand": 2972.0, "coordinates": [52.0936476, 27.609193070833335]}, {"id": 76, "demand": 320.0, "coordinates": [47.083778611111114, 29.577437944444434]}, {"id": 113, "demand": 83247.0, "coordinates": [49.1036932965368, 30.47603141103896]}, {"id": 274, "demand": 17687.0, "coordinates": [51.59748130654258, 33.89111921810721]}, {"id": 57, "demand": 12498.0, "coordinates": [53.67881628034091, 28.844251973371207]}, {"id": 29, "demand": 6375.0, "coordinates": [48.886353508333336, 28.41036058611111]}, {"id": 188, "demand": 33254.0, "coordinates": [54.858437566666666, 31.770952711111107]}, {"id": 190, "demand": 13085.0, "coordinates": [55.57877573333333, 31.724823100000002]}, {"id": 266, "demand": 2560.0, "coordinates": [55.199420716666665, 33.39735218333334]}, {"id": 71, "demand": 16920.0, "coordinates": [52.078212982853834, 29.354890981994046]}, {"id": 44, "demand": 11499.0, "coordinates": [54.7361922, 28.5798766]}, {"id": 48, "demand": 149344.0, "coordinates": [50.02849933593179, 28.868161815507776]}, {"id": 201, "demand": 11493.0, "coordinates": [52.06758284388889, 32.14294020777777]}, {"id": 223, "demand": 9128.0, "coordinates": [52.86200049166666, 32.66077551874999]}, {"id": 237, "demand": 2958.0, "coordinates": [51.1312394325, 32.89583121333334]}, {"id": 312, "demand": 612.0, "coordinates": [47.62539703933992, 28.397119195275828]}, {"id": 298, "demand": 28003.0, "coordinates": [50.87139395, 34.60370013333333]}, {"id": 133, "demand": 76538.0, "coordinates": [49.9962967028125, 30.906786186022728]}, {"id": 269, "demand": 11574.0, "coordinates": [49.70033793, 33.85698217]}, {"id": 292, "demand": 1142.0, "coordinates": [54.065185225, 34.221055625000005]}, {"id": 95, "demand": 12329.0, "coordinates": [47.956534383333334, 30.095623970833337]}, {"id": 20, "demand": 17583.0, "coordinates": [50.7391609275641, 28.18530864278847]}, {"id": 135, "demand": 16313.0, "coordinates": [50.68327041818182, 30.85806570909091]}, {"id": 185, "demand": 36688.0, "coordinates": [53.19473183509615, 31.830075064423077]}, {"id": 260, "demand": 8084.0, "coordinates": [52.859298403333334, 33.38494146666667]}, {"id": 253, "demand": 8915.0, "coordinates": [50.02713754166667, 33.333468838888884]}, {"id": 284, "demand": 2117.0, "coordinates": [50.30103883333334, 34.25060753333333]}, {"id": 12, "demand": 2461.0, "coordinates": [53.21819802857143, 27.818191646428573]}, {"id": 307, "demand": 854.0, "coordinates": [54.87290430144192, 30.0029235203151]}, {"id": 106, "demand": 885.0, "coordinates": [52.375454500000004, 30.16876965]}, {"id": 229, "demand": 7887.0, "coordinates": [55.218316505555556, 32.585502211111105]}, {"id": 77, "demand": 3271.0, "coordinates": [47.614724897307696, 29.64639042961538]}, {"id": 128, "demand": 24747.0, "coordinates": [47.95504829025481, 30.893382247705972]}, {"id": 304, "demand": 526.0, "coordinates": [54.18490204003165, 30.05903963857956]}, {"id": 66, "demand": 16258.0, "coordinates": [49.960052343926215, 29.38062519665349]}, {"id": 157, "demand": 15649.0, "coordinates": [50.84394724773227, 31.39775993089078]}, {"id": 37, "demand": 14112.0, "coordinates": [51.9127700093599, 28.48305714039855]}, {"id": 104, "demand": 30.0, "coordinates": [51.565758525, 30.030533399999996]}, {"id": 159, "demand": 20658.0, "coordinates": [51.60706099590659, 31.36958109896291]}, {"id": 22, "demand": 2230.0, "coordinates": [51.618064674761904, 28.067842388809517]}, {"id": 211, "demand": 30368.0, "coordinates": [47.91652978849206, 32.62432512944444]}, {"id": 213, "demand": 9155.0, "coordinates": [48.6111971, 32.60079416333333]}, {"id": 1, "demand": 13532.0, "coordinates": [48.710624189307694, 27.663502978115375]}, {"id": 301, "demand": 8232.0, "coordinates": [54.56805113754451, 30.601166005007638]}, {"id": 206, "demand": 13758.0, "coordinates": [54.16379820625541, 32.188627082857145]}, {"id": 28, "demand": 7074.0, "coordinates": [54.031738733333334, 28.266770933333333]}, {"id": 191, "demand": 17221.0, "coordinates": [47.98360936, 32.07538558444444]}, {"id": 311, "demand": 94.0, "coordinates": [48.29888933869397, 28.59720950291134]}, {"id": 186, "demand": 18767.0, "coordinates": [53.6988931925, 31.81764137750001]}, {"id": 227, "demand": 39240.0, "coordinates": [54.541883887521365, 32.55268127303418]}, {"id": 303, "demand": 17.0, "coordinates": [55.28025991911534, 30.490097982618437]}, {"id": 183, "demand": 19829.0, "coordinates": [52.424681809999996, 31.76716801]}, {"id": 194, "demand": 19528.0, "coordinates": [49.06332488352941, 32.160374498169936]}, {"id": 258, "demand": 1051.0, "coordinates": [52.07127746388889, 33.41697975555555]}, {"id": 51, "demand": 19110.0, "coordinates": [51.15319204645563, 28.846611033171]}, {"id": 302, "demand": 2497.0, "coordinates": [54.800194148219056, 29.085912258944994]}, {"id": 240, "demand": 812.0, "coordinates": [52.398070841666666, 32.924094258333334]}, {"id": 165, "demand": 24204.0, "coordinates": [54.1040388125, 31.353043322916655]}, {"id": 14, "demand": 130.0, "coordinates": [53.97098850625, 27.6938947625]}, {"id": 256, "demand": 34263.0, "coordinates": [51.140646416889446, 33.42573576254603]}, {"id": 7, "demand": 7029.0, "coordinates": [51.206641536574075, 27.69117335277778]}, {"id": 245, "demand": 817.0, "coordinates": [54.60961245, 33.07714333333334]}, {"id": 93, "demand": 24.0, "coordinates": [46.984443125, 30.083543774999995]}, {"id": 316, "demand": 3456.0, "coordinates": [54.24609, 29.511257999999998]}, {"id": 54, "demand": 5569.0, "coordinates": [52.484706130107526, 28.979955879032254]}, {"id": 100, "demand": 18051.0, "coordinates": [49.994353481055555, 30.104590510740742]}, {"id": 108, "demand": 791.0, "coordinates": [53.21240197037037, 30.084055059259263]}, {"id": 276, "demand": 4008.0, "coordinates": [52.43966559583333, 33.802032564583335]}, {"id": 111, "demand": 7490.0, "coordinates": [48.40816085421053, 30.462629648345867]}, {"id": 272, "demand": 1023.0, "coordinates": [50.75467424980575, 33.77662216161616]}], "sites": [{"id": 1, "coordinates": [49.412890000000004, 29.524189999999997]}, {"id": 2, "coordinates": [47.878659999968, 31.48511]}, {"id": 3, "coordinates": [53.3625637, 31.18958]}, {"id": 4, "coordinates": [51.0792, 33.38938]}, {"id": 5, "coordinates": [50.17862, 28.879420000000003]}, {"id": 6, "coordinates": [54.06807, 27.73135]}, {"id": 7, "coordinates": [47.69843, 31.33233]}, {"id": 8, "coordinates": [51.7932987, 29.974183]}, {"id": 9, "coordinates": [52.24783999, 28.213859999999997]}, {"id": 10, "coordinates": [50.563454699, 31.2922096]}, {"id": 11, "coordinates": [48.750685299989996, 33.0294552]}, {"id": 12, "coordinates": [48.6068854999, 32.110978]}, {"id": 13, "coordinates": [49.74226999, 31.69128]}, {"id": 14, "coordinates": [50.68881999, 32.43457]}, {"id": 15, "coordinates": [54.0789446, 32.7149011]}, {"id": 16, "coordinates": [54.83763, 31.180706899999997]}, {"id": 17, "coordinates": [48.988, 30.81892999]}, {"id": 18, "coordinates": [49.33424999, 29.012079999999997]}, {"id": 19, "coordinates": [49.21541999, 28.290059999999997]}, {"id": 20, "coordinates": [53.14758, 29.017539999999997]}], "siteSiteDistances": [[0, 223.27436814, 454.1000949, 331.40072419, 96.90938368, 532.10263657, 232.47759762, 266.58662581, 328.37624687, 179.83685919, 265.6691923, 208.85990198, 160.47793118, 251.58413486, 563.28386791, 613.66625316, 105.26699414, 38.09479941, 92.11532644, 416.7686377], [223.27436814, 0, 610.13794768, 381.5165637, 318.54161453, 736.44627271, 23.06311444, 448.54662978, 538.89520912, 298.86419884, 149.80939696, 93.30011289, 207.77325708, 319.96748433, 694.76706028, 774.08982335, 132.78259825, 243.40811752, 278.19011405, 611.20949839], [454.1000949, 610.13794768, 0, 294.78865397, 388.03549942, 240.68084068, 629.90426163, 192.84777144, 235.29162015, 311.32647616, 528.64701864, 532.71434674, 404.04773704, 309.25621581, 128.12664766, 164.02113552, 487.1138799, 472.71014225, 503.19215971, 146.4484451], [331.40072419, 381.5165637, 294.78865397, 0, 333.43814512, 506.33417041, 404.2934281, 249.66571889, 379.77852813, 158.0803623, 260.19783177, 289.77877388, 191.24664029, 79.81670859, 336.65152745, 443.27507725, 296.23378527, 366.91160211, 418.16678776, 376.74035958], [96.90938368, 318.54161453, 388.03549942, 333.43814512, 0, 439.51633034, 328.82926049, 195.20840523, 234.70824098, 176.37954287, 339.28189045, 291.92127886, 206.89780992, 258.08803461, 506.42522612, 540.88727025, 192.54464237, 94.37214313, 115.18549106, 330.2709889], [532.10263657, 736.44627271, 240.68084068, 506.33417041, 439.51633034, 0, 751.72494221, 294.20852796, 204.94002606, 458.61557086, 695.71250577, 678.89378919, 552.21894285, 492.84499306, 325.07865543, 238.81015859, 603.76409852, 533.70152203, 540.96162718, 132.94850353], [232.47759762, 23.06311444, 629.90426163, 404.2934281, 328.82926049, 751.72494221, 0, 465.64618891, 552.71908228, 318.59001084, 171.73719806, 116.36314838, 228.78458785, 342.0164534, 716.0415802, 793.91348678, 148.32821762, 249.56200369, 280.64835553, 627.62912296], [266.58662581, 448.54662978, 192.84777144, 249.66571889, 195.20840523, 294.20852796, 465.64618891, 0, 130.62355578, 164.74403088, 401.92734808, 385.53369632, 258.04391805, 210.73745457, 313.52619011, 347.85924546, 317.6258139, 281.74523322, 310.38551416, 163.93581417], [328.37624687, 538.89520912, 235.29162015, 379.77852813, 234.70824098, 204.94002606, 552.71908228, 130.62355578, 0, 283.98492068, 516.71472903, 489.86023211, 369.84532155, 339.81505579, 362.51450152, 348.29423753, 406.34605725, 328.79387219, 337.23277794, 113.76260253], [179.83685919, 298.86419884, 311.32647616, 158.0803623, 176.37954287, 458.61557086, 318.59001084, 164.74403088, 283.98492068, 0, 237.19539595, 225.4215546, 95.63560573, 81.77776067, 402.66461236, 475.32647891, 178.44781832, 212.81628164, 262.11967161, 327.02401429], [265.6691923, 149.80939696, 528.64701864, 260.19783177, 339.28189045, 695.71250577, 171.73719806, 401.92734808, 516.71472903, 237.19539595, 0, 69.30379504, 146.9394709, 219.71136425, 592.87601883, 688.6115417, 163.8147058, 299.88381485, 349.63813042, 563.72912982], [208.85990198, 93.30011289, 532.71434674, 289.77877388, 291.92127886, 678.89378919, 116.36314838, 385.53369632, 489.86023211, 225.4215546, 69.30379504, 0, 129.88279894, 232.66956365, 609.904035, 695.76818942, 103.69154537, 240.20267547, 287.28171983, 549.44618161], [160.47793118, 207.77325708, 404.04773704, 191.24664029, 206.89780992, 552.21894285, 228.78458785, 258.04391805, 369.84532155, 95.63560573, 146.9394709, 129.88279894, 0, 117.79089618, 487.28779488, 567.63795168, 104.99784789, 198.56858809, 252.58896707, 421.48970277], [251.58413486, 319.96748433, 309.25621581, 79.81670859, 258.08803461, 492.84499306, 342.0164534, 210.73745457, 339.81505579, 81.77776067, 219.71136425, 232.66956365, 117.79089618, 0, 377.44416297, 468.95746752, 221.78037944, 287.18091058, 338.7032079, 360.01368782], [563.28386791, 694.76706028, 128.12664766, 336.65152745, 506.42522612, 325.07865543, 716.0415802, 313.52619011, 362.51450152, 402.66461236, 592.87601883, 609.904035, 487.28779488, 377.44416297, 0, 130.19017893, 581.02342035, 585.84798259, 620.74140097, 264.93026449], [613.66625316, 774.08982335, 164.02113552, 443.27507725, 540.88727025, 238.81015859, 793.91348678, 347.85924546, 348.29423753, 475.32647891, 688.6115417, 695.76818942, 567.63795168, 468.95746752, 130.19017893, 0, 650.92083421, 629.55168985, 655.55340372, 235.16089292], [105.26699414, 132.78259825, 487.1138799, 296.23378527, 192.54464237, 603.76409852, 148.32821762, 317.6258139, 406.34605725, 178.44781832, 163.8147058, 103.69154537, 104.99784789, 221.78037944, 581.02342035, 650.92083421, 0, 136.90491541, 185.82495473, 479.30499442], [38.09479941, 243.40811752, 472.71014225, 366.91160211, 94.37214313, 533.70152203, 249.56200369, 281.74523322, 328.79387219, 212.81628164, 299.88381485, 240.20267547, 198.56858809, 287.18091058, 585.84798259, 629.55168985, 136.90491541, 0, 54.02112643, 424.02370642], [92.11532644, 278.19011405, 503.19215971, 418.16678776, 115.18549106, 540.96162718, 280.64835553, 310.38551416, 337.23277794, 262.11967161, 349.63813042, 287.28171983, 252.58896707, 338.7032079, 620.74140097, 655.55340372, 185.82495473, 54.02112643, 0, 440.16090662], [416.7686377, 611.20949839, 146.4484451, 376.74035958, 330.2709889, 132.94850353, 627.62912296, 163.93581417, 113.76260253, 327.02401429, 563.72912982, 549.44618161, 421.48970277, 360.01368782, 264.93026449, 235.16089292, 479.30499442, 424.02370642, 440.16090662, 0]], "siteClientDistances": [[415.62632075, 271.02463794, 173.02464256, 299.34372902, 253.907869, 519.6968992, 528.52338112, 211.47561887, 229.31095113, 424.07553022, 645.72633639, 663.79054574, 116.62718671, 278.75698812, 254.45410403, 197.25863841, 511.66054717, 536.48232502, 350.01712218, 160.55869774, 463.67944121, 381.85073432, 21.21850859, 157.10919361, 205.28684695, 244.78527512, 41.26527185, 305.09559899, 257.89253364, 437.38879953, 161.21665928, 376.37786902, 100.38179478, 426.38549842, 660.07053156, 349.44491054, 155.90027753, 143.33243718, 584.23068081, 153.27437436, 327.08646572, 259.01571822, 77.15899708, 392.80555834, 476.66839848, 99.95090496, 624.54695916, 701.52088521, 694.96749223, 296.60985602, 595.41799096, 83.12546989, 347.93334788, 441.46656789, 306.42117099, 215.39209583, 396.54144908, 118.71528129, 314.11787798, 609.7837902, 167.28338596, 175.7135325, 170.36272553, 449.97800791, 468.27551857, 282.20386804, 352.85217788, 439.39567184, 608.00105357, 332.50645714, 678.07647945, 200.14954136, 190.73127782, 531.89307634, 61.71210482, 207.73143541, 287.48944061, 242.0519211, 276.66485885, 265.93432367, 281.95634201, 241.42213506, 156.4445484, 577.93368091, 559.05902247, 520.82260916, 245.56792023, 141.2189471, 502.19743437, 606.72492319, 655.69612275, 369.92444028, 195.28630109, 402.88865988, 199.40957607, 599.78578842, 408.57796847, 536.55634119, 522.25624015, 337.23912433, 238.15624983, 626.7294818, 273.19303468, 537.42879397, 343.68924038, 76.95750474, 424.27158975, 450.58806013, 131.08959519, 338.04174055], [565.56514631, 373.97141428, 187.18067043, 465.26338092, 225.20645648, 652.4317842, 649.94400258, 377.72340135, 427.07504698, 613.23332108, 762.16014183, 769.82676848, 136.4668104, 96.13339367, 43.63919873, 239.80387446, 680.65751086, 627.30551212, 560.02515846, 260.67490381, 524.54180221, 549.40731099, 223.09489411, 91.80558582, 294.1193263, 284.34735354, 214.50781518, 150.79801956, 177.67795486, 604.93868324, 186.91625913, 333.35782573, 306.45396397, 626.73534738, 823.17904945, 433.52584449, 336.38196396, 360.62315015, 702.74409506, 358.37972664, 544.29520114, 168.40959391, 155.18974111, 448.14422358, 671.02183466, 253.18752165, 776.36876488, 856.37274708, 824.62222691, 491.12876687, 788.63468125, 305.99758354, 468.15178846, 560.34007011, 375.72306143, 232.5564169, 402.06152014, 239.22762956, 266.84945233, 713.94539933, 103.90839236, 397.90775949, 315.15506385, 591.62162304, 569.92380338, 274.3677809, 336.26232154, 647.58479311, 784.45229832, 508.7263392, 819.64501391, 140.57250546, 44.90831582, 708.23887962, 277.84188118, 329.78596114, 497.34533608, 423.08804302, 414.66280141, 482.75607114, 85.033867, 116.01623828, 297.42704138, 746.35390898, 700.59696303, 720.17833749, 45.49936304, 219.51753558, 647.60130619, 744.616786, 825.86537234, 505.89346379, 140.82013939, 486.19041425, 410.85906868, 787.35429356, 512.86540382, 692.29286895, 727.42528055, 388.80282253, 460.16476234, 756.55536842, 144.91430504, 721.26172297, 542.25668717, 255.94348801, 601.25948764, 533.26961169, 96.03028876, 360.31860353], [46.13495003, 246.04556043, 627.12164662, 154.76203412, 433.94070869, 93.41360144, 124.40288406, 243.76336467, 242.80870239, 123.06665359, 220.8471557, 252.78276023, 562.36261111, 697.35681993, 653.08344173, 379.83035486, 80.025911, 201.37959205, 229.13400805, 599.75208779, 253.79703732, 76.7026797, 437.62016529, 518.44664106, 319.72329321, 352.27821351, 493.61340138, 576.52096058, 491.52122677, 40.46601771, 425.5919032, 442.00881803, 474.69045803, 176.30925678, 213.04590231, 225.6867365, 298.22988026, 442.49476836, 167.5955001, 312.69619994, 279.30581225, 707.47781306, 476.15750731, 268.27851741, 158.97731588, 534.08453251, 170.59471299, 248.84500816, 249.49007144, 188.83909463, 228.78216286, 403.72962882, 157.66265675, 112.86935483, 273.93881801, 667.69105474, 361.95790514, 374.81896388, 446.99376804, 214.2245866, 606.02970451, 356.71821342, 298.7855856, 46.49361926, 156.84727373, 399.18860868, 400.08115309, 224.64238242, 184.88782221, 129.38939865, 225.35178953, 648.34664944, 601.65003429, 117.81259403, 398.35171693, 280.41813118, 243.57520345, 214.66435745, 195.5832512, 286.83375485, 613.93171978, 537.45446979, 572.85268491, 139.4596043, 110.67657149, 206.28522203, 601.34871309, 591.65696939, 55.87236512, 158.58607846, 218.00720141, 111.2521711, 482.80046371, 207.64883891, 292.85505871, 210.65823612, 158.2612409, 83.14645632, 240.00144259, 290.16204047, 337.71003356, 185.61606206, 713.55240282, 147.63305319, 177.38534889, 381.91422692, 75.359159, 203.04338858, 553.2523106, 339.61701625], [250.50174879, 92.1034606, 475.92439097, 221.06352598, 163.09307135, 299.34972017, 286.34755579, 203.14338255, 281.36358613, 364.32847377, 389.39988519, 392.14132905, 395.29142716, 477.41959322, 424.34485441, 150.44813397, 374.81129916, 247.66400193, 391.64949839, 489.74474391, 144.00773029, 271.08668128, 310.19971486, 300.7329781, 126.45432555, 99.50624857, 369.74822998, 301.79506553, 221.75506482, 311.01441886, 206.1499919, 148.32037397, 409.7316345, 405.52575704, 492.18098964, 69.68029223, 233.29589226, 415.99230259, 333.62268225, 284.74556722, 414.84506796, 523.71935231, 302.35838328, 67.34972558, 422.61987723, 431.35162116, 433.95253193, 512.35630208, 458.14858093, 300.05183391, 518.77208031, 340.04268009, 139.63395236, 204.42248937, 34.94125101, 527.25816943, 88.10304676, 212.77787715, 156.86452986, 336.74381246, 420.73823879, 366.75511104, 182.95308404, 258.1735793, 197.93841822, 117.05082917, 105.67544938, 448.21452381, 478.78518534, 264.49738001, 463.35243249, 470.95187588, 391.28383125, 411.93412764, 309.47982021, 141.91069636, 351.99060015, 239.5704622, 152.06929172, 374.32006822, 355.98154533, 280.19005836, 487.21823173, 430.72767558, 352.42550869, 476.97974274, 357.02217848, 462.87776318, 310.19046167, 389.11082847, 505.40591417, 186.68010529, 240.69646458, 110.33061819, 317.15035537, 504.13527355, 150.10991727, 363.34908956, 501.59150514, 7.28870857, 397.66850652, 393.1230681, 515.03994167, 438.50350402, 341.14477698, 261.58504187, 327.24454342, 153.91932178, 363.8580334, 45.15643619], [354.83002335, 253.83798171, 253.49608108, 236.6298281, 303.10064961, 463.71543135, 478.11867931, 161.29659342, 148.43306382, 340.32283064, 593.98145351, 616.6268094, 210.94219819, 375.33863681, 351.06400918, 231.75290554, 436.69721552, 501.36238582, 256.35937037, 212.57196675, 447.5910446, 312.31582896, 95.74799767, 244.62121784, 212.50221287, 267.45493754, 122.92095639, 383.76986924, 323.10881483, 365.45580429, 216.96662405, 413.57760978, 88.59228432, 336.61547221, 585.19629611, 331.60773589, 108.16721056, 82.90423707, 533.28493322, 75.45544535, 230.63914508, 347.92882175, 165.83583319, 385.22342272, 389.21206253, 147.62621372, 555.81584749, 629.96205044, 635.62148495, 213.8141959, 507.18456212, 16.71197941, 309.77520592, 396.72840927, 302.25923166, 286.08441744, 411.81221193, 146.0510298, 360.09588643, 565.15367291, 262.48100849, 79.36758501, 150.96192626, 392.16252101, 431.16468551, 318.06933179, 382.14566238, 345.79833465, 527.46723119, 260.20960008, 613.30433305, 290.54883047, 287.48111137, 452.66318483, 43.24673757, 192.81982069, 194.80879826, 174.10734054, 236.05543534, 169.87475956, 371.07602323, 320.7351429, 185.39331318, 501.84224779, 497.1561542, 430.48159984, 337.21193578, 210.01812657, 440.12817209, 545.3596469, 577.51042376, 320.38380982, 266.87608507, 380.11600169, 108.39228189, 514.08582992, 374.09179443, 467.91788293, 429.38931945, 337.78245428, 141.67391224, 568.87603438, 366.04154174, 454.32164456, 256.52047216, 89.77936692, 347.39516149, 424.45435426, 227.8878293, 352.41701924], [270.88503656, 431.99612751, 691.36031779, 296.41104902, 612.57888266, 313.25775377, 349.32315005, 367.76189606, 309.39401324, 142.11229787, 402.01351998, 441.64061361, 648.64651668, 808.01855514, 775.17920889, 542.95649661, 183.85769179, 436.65659278, 183.36825204, 636.6108091, 492.97899295, 235.70243199, 523.48830809, 648.19152739, 483.33364265, 533.72326382, 562.37438892, 745.79442625, 663.14429924, 207.36492581, 572.90619431, 653.38077991, 504.70614553, 110.73365745, 251.68349715, 443.33379047, 400.69676257, 452.20580305, 371.72499468, 381.01497403, 219.69752742, 787.41063285, 583.56254556, 496.41711221, 84.8303427, 578.08967388, 275.4247576, 305.96943893, 385.61990428, 246.39991223, 92.38722009, 455.8416641, 369.15941582, 352.69556774, 477.58396762, 717.90794221, 585.27767363, 502.05181759, 641.89926962, 423.33203551, 699.30651487, 371.43501627, 431.99561, 287.12107821, 397.525941, 590.11419663, 610.27820683, 94.67478025, 171.90245744, 248.47560596, 337.42167898, 729.99730754, 714.64206, 152.22078126, 470.49489452, 436.04276166, 244.87951199, 318.22630207, 366.79397295, 273.36341862, 764.51839901, 694.30401799, 595.74014127, 194.2411476, 290.65712966, 35.18512421, 741.30172899, 644.32354711, 270.91033435, 317.14338238, 222.75153388, 324.73021691, 634.8570825, 439.80215996, 332.74134727, 119.58826687, 392.20590552, 236.22806736, 11.06882609, 503.54792818, 318.18830292, 351.64709707, 804.90326743, 117.56832921, 194.64627813, 481.12309906, 181.94068998, 442.39552532, 657.32123398, 550.90027909], [585.57306116, 395.26322048, 177.49790124, 483.78116114, 248.26945187, 673.56880147, 671.55270937, 395.58023667, 442.38251487, 630.26273747, 784.12088761, 792.11678705, 136.42419207, 73.17956277, 23.59653507, 261.73150465, 699.68907862, 649.80940129, 573.99616939, 254.91167251, 547.43300683, 568.17924713, 234.22156853, 111.63573207, 315.17349866, 306.8601624, 219.78955241, 169.44388133, 200.43015566, 623.89074544, 208.20487088, 355.8337503, 310.69950709, 642.42230788, 842.89210925, 455.75605741, 352.6309702, 366.32535678, 724.55139346, 372.25828204, 556.57681296, 148.73253293, 168.55810393, 470.99697522, 687.58758869, 253.3070926, 796.73764756, 876.67037683, 846.16041816, 507.14474907, 805.53888837, 315.58771907, 489.27879625, 581.84358668, 398.09114204, 219.95567903, 425.08928738, 257.40063446, 289.58880627, 736.22511978, 96.67994318, 408.03773896, 333.68220162, 612.17292567, 592.04309002, 297.42797582, 359.20617716, 662.06583239, 803.06610799, 526.64036237, 840.63300867, 126.61351464, 43.4514205, 726.72760217, 289.20441711, 349.79821483, 511.18027479, 440.10990693, 434.62879387, 495.03265653, 99.48756312, 138.39838075, 294.22707982, 765.55842016, 721.40266748, 736.18116539, 63.88213838, 214.16788689, 668.092549, 765.67874086, 845.05961836, 526.44908284, 163.62423949, 508.60378242, 424.07660331, 804.89955539, 534.75772333, 712.27365839, 742.55569904, 411.57765016, 470.45357894, 777.99944481, 123.11035667, 739.08171609, 557.96127504, 270.63166066, 619.43609203, 555.80201724, 102.01214329, 383.34924868], [161.63320049, 159.61102785, 438.82277026, 48.35175037, 322.41587513, 271.76179706, 290.05773447, 73.56088086, 53.59196757, 164.68669147, 403.27205116, 428.96568506, 379.65491789, 527.39751317, 489.24246966, 250.03691113, 245.12920304, 329.29547141, 144.41945371, 407.25792209, 308.80149772, 117.26883677, 252.20207654, 358.1352258, 192.19024158, 247.58915674, 304.50768758, 452.02413674, 370.27172251, 171.54829393, 278.83942686, 383.68478916, 282.0148583, 183.58931874, 393.68478034, 208.36145845, 114.58581438, 253.00048791, 343.82763383, 119.97463681, 165.50452333, 524.45836516, 301.17236176, 270.81217779, 223.02805279, 341.7384375, 361.08268826, 436.39019844, 441.14740909, 52.97379819, 340.10271401, 210.99628607, 151.78982837, 217.8167031, 215.3590601, 477.09104806, 337.5067418, 210.24622676, 358.79069149, 380.47376207, 426.71789218, 170.9580183, 137.91501418, 200.16171158, 260.30266304, 306.60746104, 341.83366459, 215.38098864, 342.44230151, 66.08417008, 418.09667236, 465.23306559, 431.83805547, 265.9951204, 208.05660182, 144.67082158, 103.27120608, 25.59791099, 98.36821999, 132.79488517, 471.00773335, 400.11968718, 380.06663126, 311.3513993, 302.38830311, 273.95211332, 449.51899799, 400.78845064, 245.53277079, 350.58898764, 389.22599191, 141.13945851, 340.74075425, 238.03716774, 105.66351425, 339.51575342, 212.42074113, 273.03203515, 286.40621049, 249.83453523, 170.95618501, 375.13074597, 534.77948957, 274.48871841, 102.53858911, 200.24276149, 157.9723986, 271.03139317, 378.01698304, 288.5777098], [228.44609909, 290.22913533, 486.52058964, 163.02667014, 445.21446379, 328.40439172, 356.79943779, 194.14907308, 118.21267118, 132.97658721, 455.05999494, 488.00075902, 444.61469688, 605.99428376, 575.91808836, 369.89311864, 246.64661068, 418.79495137, 21.66649949, 434.00593089, 423.79149488, 169.78140894, 321.05036926, 453.67628694, 316.26969963, 374.52940815, 357.62208341, 566.35635616, 488.29785108, 197.54042312, 388.86089969, 513.8535647, 301.52994163, 108.18798846, 384.59835, 333.91544559, 210.14476546, 251.88468068, 402.86208598, 180.53154996, 44.65872414, 582.5148587, 384.19084395, 395.87814, 164.62199637, 374.03792297, 373.37096876, 435.83400022, 473.07350871, 80.08051106, 277.74888497, 250.96349934, 268.74545454, 308.24502341, 345.7188403, 514.15974956, 467.30327124, 313.00994016, 485.93743731, 448.42603965, 495.64169666, 167.76933001, 252.59195596, 265.29765549, 356.07705109, 434.07518709, 472.23799465, 111.13885634, 314.87777284, 133.6477935, 437.76634117, 525.25548838, 514.08277344, 247.94682475, 267.10663094, 269.8555228, 41.55197246, 145.88342044, 227.79256404, 70.73984437, 575.07816187, 509.78457866, 395.24089377, 302.61893452, 339.71145469, 198.39214196, 548.121559, 439.94643975, 290.22824529, 384.36450944, 368.84319557, 242.19752635, 450.18110184, 355.39268303, 129.29346332, 289.59823165, 320.50281356, 293.83672942, 194.7221958, 379.63764932, 121.24315018, 415.51028513, 600.5089637, 238.36423132, 58.30337015, 283.17700959, 165.40634724, 380.11700309, 455.7612016, 419.17593541], [267.06050046, 91.81091267, 340.61005228, 169.66299315, 161.38411104, 359.35827857, 362.04857877, 91.79117311, 166.96854727, 324.50094257, 478.23074973, 492.38101234, 265.36340523, 386.70929893, 341.75706994, 86.10673075, 382.34063443, 359.53843718, 301.77217315, 340.38160617, 284.06423057, 252.03474398, 158.87063821, 207.1288997, 38.24602249, 98.76123808, 220.31829691, 287.2925005, 205.86555039, 306.89346903, 117.16261174, 247.60608215, 251.85045863, 348.18619268, 524.34530668, 169.64374446, 87.11387131, 259.26059405, 417.0455757, 138.94287339, 307.24440009, 406.74815299, 172.54828322, 214.8761579, 384.56542855, 278.69199491, 478.66553481, 558.4244509, 534.43602624, 215.61022676, 498.66782231, 182.16428275, 177.39174929, 272.41169366, 129.07572171, 388.73243885, 235.61812606, 68.75500362, 206.45852161, 437.23166195, 302.59231097, 219.89569728, 33.3984895, 294.90296763, 293.16134135, 156.77837645, 211.55106282, 379.35009267, 486.97189902, 215.9835779, 524.79461426, 349.07783677, 291.48121711, 411.27921573, 151.5406106, 32.06290681, 246.4604557, 142.1030616, 116.16964038, 253.86313815, 309.79237304, 236.68140593, 332.69754621, 447.72826613, 404.93204487, 437.00630199, 292.43417362, 318.37407404, 350.48242869, 450.49544609, 527.22520678, 209.55374663, 178.05545883, 223.39966114, 183.74632814, 493.95939269, 233.19532796, 393.71719124, 451.00430184, 162.93815566, 262.51254873, 465.75195152, 407.6901753, 426.90524538, 266.85977969, 105.47969224, 305.98570972, 271.45284049, 247.03218112, 176.40444893], [482.53327998, 282.60174528, 314.30534272, 403.17791805, 97.87647808, 553.11528968, 544.10967913, 328.70324301, 398.51094171, 559.9973844, 649.56135587, 651.82619055, 240.63566744, 240.72475711, 185.23395986, 153.38923693, 605.55227395, 506.91781578, 535.73415133, 369.64281007, 396.17645674, 480.84010656, 253.30316657, 120.56774106, 214.33846485, 177.10287204, 280.40703836, 50.0972011, 38.5464276, 532.61927123, 128.96267472, 185.02192509, 365.60065099, 585.36584764, 738.20829613, 322.88997972, 307.43066691, 406.58033173, 593.1799359, 347.79162566, 534.17369519, 317.02204528, 190.62080962, 322.43619493, 620.44066272, 338.47561056, 684.61183441, 764.40996246, 717.50754655, 452.30347114, 732.32171366, 332.95668718, 374.12682032, 457.88975559, 264.87844288, 365.41874529, 261.45649328, 206.87384246, 121.49727639, 596.67437987, 234.06367906, 412.23215039, 265.58713928, 501.22136267, 457.53838942, 143.63039128, 193.61005641, 615.96957744, 711.67231895, 450.78231625, 719.80709112, 280.79570367, 180.93584539, 638.18254841, 296.48063111, 260.54772288, 477.06709133, 378.90712085, 338.87145775, 475.68069635, 97.46845552, 35.08538676, 393.50554827, 668.09028369, 604.71222789, 673.46955952, 110.6447311, 330.20272447, 556.62753684, 644.78836491, 746.43223893, 418.11884138, 72.40857867, 370.2517263, 401.04356453, 725.04513304, 405.63944401, 606.46039568, 688.17508053, 267.25930454, 469.1598335, 651.49212933, 294.6832623, 657.59863629, 503.82798933, 252.89539966, 537.14643458, 413.79873113, 192.62022979, 229.20433491], [487.22067248, 290.46778215, 245.12351604, 395.05776038, 131.9063598, 568.32177868, 563.58965825, 312.29944052, 373.12471022, 548.6365043, 673.97272346, 680.09792353, 171.61337956, 189.27430131, 134.98553332, 154.37106654, 606.34300074, 536.68030954, 510.02719993, 301.14329536, 432.08260665, 477.12587815, 199.82666482, 54.18775113, 213.06952741, 194.50305726, 217.88000619, 97.42333571, 87.41335185, 531.4064994, 108.27849248, 243.64202881, 306.5904347, 568.19023216, 745.22705585, 344.61892393, 280.3203676, 352.04219503, 615.3530647, 313.21702898, 502.14023939, 253.80693226, 131.75291226, 355.92475765, 608.11346052, 273.07868616, 695.53384245, 775.68532411, 738.31646461, 432.64028285, 723.50743605, 283.2226587, 384.81919394, 474.72335662, 286.27162667, 296.47874256, 308.97884476, 177.45556928, 175.79446435, 624.31146949, 165.73132099, 368.71499555, 247.87210245, 510.52499966, 481.25169261, 181.08082457, 243.7143581, 594.30653886, 711.62227749, 440.952927, 735.87407491, 213.6504017, 115.63238859, 636.30290024, 248.69273728, 253.97503714, 448.92043363, 360.90690302, 337.76368088, 441.71097979, 85.65464773, 36.0151304, 326.82001331, 670.96685843, 617.92474364, 659.48578007, 69.35523669, 261.36457514, 566.5743491, 660.64455647, 750.2625315, 425.21420434, 50.88241855, 396.19881262, 367.17942432, 719.34935687, 425.45784204, 613.50816836, 670.59587888, 297.0652623, 428.52218047, 670.78240356, 235.52983045, 652.32545765, 484.52711732, 212.03920086, 531.40609163, 442.60227814, 123.42398014, 267.18737246], [358.92718857, 166.59382552, 285.4941069, 265.29513785, 96.81318051, 444.78438027, 443.24947078, 184.48494687, 251.67151512, 419.730347, 556.87560665, 566.82459154, 204.36009766, 299.60663589, 251.29360597, 41.4091693, 476.79774116, 427.12718254, 389.00755743, 307.77852356, 334.02224265, 347.26108185, 141.30590834, 117.78966043, 86.38993426, 93.30218082, 192.14170993, 196.51335604, 121.36963981, 401.68301798, 21.64693323, 216.0160526, 256.1554243, 441.53062033, 616.94964696, 231.48015008, 160.55665383, 283.83676647, 496.76568515, 202.80685834, 387.5101901, 334.22167653, 112.99280524, 258.02571517, 479.57179028, 256.13925804, 568.91835643, 648.99464636, 617.66414463, 307.04826231, 594.19324844, 204.73840183, 260.49428439, 353.37659467, 176.43563736, 337.4135986, 241.93111872, 62.92004943, 155.75304938, 510.97437791, 230.33449568, 272.8261291, 120.26318803, 384.01692964, 366.02580151, 121.84287255, 193.10123649, 470.30010752, 581.88830926, 311.51382098, 611.89944846, 280.1669284, 207.12552536, 506.46188157, 167.41794391, 124.26268198, 330.12774013, 234.12269731, 208.590457, 329.60539824, 214.18954504, 142.08552536, 314.13057986, 541.71392276, 492.8287125, 531.57759269, 197.56189575, 276.84569991, 440.04293386, 536.90970577, 621.11394857, 298.31804932, 82.77445576, 285.82747294, 255.28165153, 589.58718257, 307.60592236, 485.55997554, 544.28622374, 198.14114029, 326.50077187, 549.38330222, 328.8355279, 522.50592628, 358.84700758, 117.11982309, 401.56755993, 334.16984731, 173.24568654, 186.15796693], [263.12126987, 63.76700854, 398.81829795, 196.60403616, 124.95102933, 336.2684566, 330.93077064, 148.4965225, 229.64088943, 352.28497359, 442.20598631, 450.40198794, 319.05115551, 414.26415018, 363.54187181, 80.38704558, 386.95460879, 309.59592112, 354.92123602, 410.12630951, 217.85643324, 266.27286218, 230.38395153, 233.43419215, 47.0158606, 43.10276489, 290.02150293, 267.26698857, 182.29874869, 315.46606422, 135.73400961, 175.23256725, 331.37679297, 385.57173715, 518.5607184, 114.16148841, 164.67267855, 340.98705157, 383.0190178, 217.17346258, 369.36163478, 451.94686349, 225.25548, 143.28984618, 412.74761705, 351.5350398, 465.77923286, 545.78872008, 505.67505224, 263.67728134, 519.40381593, 263.41026678, 154.64162707, 242.14728742, 58.87276733, 449.57076147, 153.84771981, 132.97779654, 149.43892581, 394.50083087, 347.86708192, 299.19247842, 111.06401665, 281.70631139, 250.04161281, 97.36321123, 135.49929251, 423.15166706, 493.08090613, 244.38744891, 503.75887827, 397.37754362, 323.83630521, 420.71952761, 231.43155484, 74.92969053, 306.52723632, 194.03176825, 126.26571591, 321.55069539, 308.57160748, 231.33101459, 407.46456924, 448.7087119, 386.75949393, 467.02606846, 301.92879726, 383.8771573, 337.33290811, 428.51577772, 526.82310823, 198.4551108, 181.81152032, 168.16063383, 256.72097419, 509.57437597, 193.05033803, 386.76796681, 486.58400182, 85.74561905, 337.19300572, 438.11745881, 446.34481191, 442.26020603, 311.13620291, 182.4809021, 323.51969227, 216.40875724, 290.75073155, 94.75737667], [151.9434819, 320.80029749, 735.01446505, 269.80048058, 495.05999243, 43.64996724, 52.09993213, 352.35348346, 365.77893261, 241.06318457, 92.73581984, 126.2985312, 665.03508368, 786.65733294, 738.37872381, 455.93854368, 142.49334831, 135.25193229, 354.95265004, 715.30166655, 238.46745741, 202.56481745, 545.12380262, 604.94467959, 400.93224259, 417.71466738, 603.97856123, 637.03743858, 554.41335571, 165.0267062, 507.88017601, 470.28873048, 594.46241502, 291.32602896, 171.17933016, 270.23378761, 408.85074773, 566.16007424, 46.67538938, 431.13380632, 406.05534104, 808.54878491, 574.35948563, 287.00374259, 257.55381041, 649.50345242, 105.98621835, 178.41892332, 132.10316453, 315.95053119, 277.36060976, 521.3887807, 226.89193915, 135.36559884, 327.99764869, 778.63024441, 378.87673054, 470.47409936, 493.12984619, 98.28005249, 704.87701345, 481.79052903, 398.02413551, 114.32094409, 142.68432763, 452.51709543, 432.90401064, 336.55176047, 196.18534311, 254.14350382, 126.96571477, 750.19414573, 692.7028905, 173.42376613, 511.54633435, 370.60171055, 371.68022558, 332.55488669, 289.31732595, 414.89237379, 685.25936791, 608.0380519, 691.80357551, 147.46307499, 35.57040131, 290.33754121, 679.23734579, 703.57471238, 72.41015391, 52.54115217, 195.68681904, 194.44706572, 559.02263285, 228.11297363, 417.05531716, 247.96589766, 187.42240704, 88.8561331, 328.12082845, 330.22623975, 465.51562841, 63.50717885, 810.35144534, 209.37623951, 305.02543403, 487.93701735, 198.36318652, 196.09321811, 649.67242575, 376.57856093], [208.71086025, 406.90347962, 786.40556992, 315.68521145, 592.387115, 150.65298342, 178.17235637, 405.69999679, 392.57258384, 215.41015825, 175.46586398, 215.35113895, 724.18266459, 861.32060768, 817.07721038, 542.16243498, 104.86872592, 265.42072789, 333.88404345, 753.43318092, 363.79117134, 231.86715484, 598.14736753, 682.43014357, 482.70904221, 511.5325, 652.20622358, 735.49236575, 650.89617823, 176.36543629, 589.12245605, 585.1014358, 624.52213552, 250.36325841, 49.60608427, 373.86181322, 458.57226733, 585.75081866, 168.07416852, 466.84397064, 385.88659518, 869.4093555, 639.40134167, 402.88386719, 199.06494959, 688.41245454, 37.85833238, 89.34984904, 146.91743269, 329.75780369, 167.12927953, 557.17927808, 314.52820671, 240.16295868, 427.79227624, 824.87971155, 497.17818471, 538.65172508, 599.45305745, 214.47696473, 768.8129193, 498.1