{"parameters": {"buildingCosts": {"productionCenter": 800000, "automationPenalty": 1200000, "distributionCenter": 60000}, "productionCosts": {"productionCenter": 18.0, "automationBonus": 3.4, "distributionCenter": 2.0}, "routingCosts": {"primary": 0.0075, "secondary": 0.11}, "capacityCost": 1000.0, "capacities": {"productionCenter": 1250000, "automationBonus": 1250000}}, "clients": [{"id": 341, "demand": 1257000.0, "coordinates": [44.2043989, 0.32402382500000004]}, {"id": 829, "demand": 1286000.0, "coordinates": [48.367369280000005, 9.06871052]}, {"id": 885, "demand": 1252000.0, "coordinates": [48.51156103333333, 10.020496866666667]}, {"id": 874, "demand": 1268000.0, "coordinates": [48.580167, 6.495867049999999]}, {"id": 188, "demand": 1253000.0, "coordinates": [41.906804737499996, 14.972027775]}, {"id": 1067, "demand": 1261000.0, "coordinates": [50.09197324848484, 8.593300233333336]}, {"id": 611, "demand": 1293000.0, "coordinates": [47.072184674999995, -0.5966783]}, {"id": 45, "demand": 1258000.0, "coordinates": [38.3212139, -6.7746965]}, {"id": 1003, "demand": 1320000.0, "coordinates": [49.28732781666667, 11.402222533333333]}, {"id": 1114, "demand": 1302000.0, "coordinates": [50.67805555555555, 3.8169444444444447]}, {"id": 370, "demand": 1257000.0, "coordinates": [44.5835396, 8.9854697]}, {"id": 978, "demand": 1253000.0, "coordinates": [49.46626909469698, 0.15604681818181815]}, {"id": 317, "demand": 1270000.0, "coordinates": [43.761319066666665, 12.552739266666668]}, {"id": 1211, "demand": 1260000.0, "coordinates": [51.32191000681817, 9.593278301969697]}, {"id": 22, "demand": 1287000.0, "coordinates": [37.209482779999995, -3.6495678999999996]}, {"id": 1141, "demand": 1619000.0, "coordinates": [51.02413475509258, 2.3347679527777783]}, {"id": 420, "demand": 1288000.0, "coordinates": [45.197835999999995, -0.38981125]}, {"id": 366, "demand": 1381000.0, "coordinates": [44.52726486666666, 7.526820394444445]}, {"id": 1254, "demand": 1251000.0, "coordinates": [51.809444444444445, 4.892685185185186]}, {"id": 619, "demand": 1305000.0, "coordinates": [47.070759683333335, 2.3673642083333335]}, {"id": 706, "demand": 1310000.0, "coordinates": [47.58209106874999, 6.851061975]}, {"id": 305, "demand": 1282000.0, "coordinates": [43.69927813333334, 2.0349038]}, {"id": 3, "demand": 1258000.0, "coordinates": [36.577019660000005, -6.20500102]}, {"id": 287, "demand": 1254000.0, "coordinates": [43.422878833333336, 3.7168926666666664]}, {"id": 304, "demand": 1312000.0, "coordinates": [43.6684956, 0.6002755]}, {"id": 1109, "demand": 1277000.0, "coordinates": [50.71005374285715, 2.3491320000000004]}, {"id": 532, "demand": 1262000.0, "coordinates": [46.1061055, 12.8769047]}, {"id": 268, "demand": 1285000.0, "coordinates": [43.347783119999995, 11.22604868]}, {"id": 258, "demand": 1312000.0, "coordinates": [43.1784274, -0.2565264]}, {"id": 838, "demand": 1254000.0, "coordinates": [48.2419085, 13.03250135]}, {"id": 1270, "demand": 1288000.0, "coordinates": [51.91007878333334, 9.783747]}, {"id": 260, "demand": 97000.0, "coordinates": [43.13881085, 0.8422338]}], "sites": [{"id": 1, "coordinates": [40.44694705960048, -3.6474609375]}, {"id": 2, "coordinates": [41.54147766679029, 2.04345703125]}, {"id": 3, "coordinates": [41.73852846935915, -0.791015625]}, {"id": 4, "coordinates": [38.04809106745723, -1.142578125]}, {"id": 5, "coordinates": [37.49229399862877, -5.95458984375]}, {"id": 6, "coordinates": [43.21318330073886, -2.9443359375]}, {"id": 7, "coordinates": [41.31082388091818, -8.173828125]}, {"id": 8, "coordinates": [38.85682013474362, -8.876953125]}, {"id": 9, "coordinates": [39.43619299931407, -5.888671875]}, {"id": 10, "coordinates": [42.13082130188811, -5.2294921875]}, {"id": 11, "coordinates": [43.29320031385282, -8.0859375]}, {"id": 12, "coordinates": [43.516688535029076, 5.8447265625]}, {"id": 13, "coordinates": [45.47554027158592, 9.1845703125]}, {"id": 14, "coordinates": [43.8186748554532, 11.337890625]}, {"id": 15, "coordinates": [41.96765920367815, 13.0078125]}, {"id": 16, "coordinates": [40.413496049701955, 16.083984375]}, {"id": 17, "coordinates": [49.03786794532641, 2.28515625]}, {"id": 18, "coordinates": [52.53627304145947, 13.18359375]}, {"id": 19, "coordinates": [48.13676667969269, -1.7138671875]}, {"id": 20, "coordinates": [43.67581809328341, 1.494140625]}, {"id": 21, "coordinates": [45.98169518512228, 4.74609375]}, {"id": 22, "coordinates": [50.59718623058703, 4.74609375]}, {"id": 23, "coordinates": [50.17689812200105, 8.76708984375]}, {"id": 24, "coordinates": [48.71996122264626, 6.328125]}, {"id": 25, "coordinates": [48.86471476180277, 11.25579]}, {"id": 26, "coordinates": [47.694974341862824, 14.58984375]}, {"id": 27, "coordinates": [47.42808726171426, 0.791015625]}, {"id": 28, "coordinates": [52.3755991766591, 7.998046875]}, {"id": 29, "coordinates": [50.95842672335992, 12.3046875]}, {"id": 30, "coordinates": [44.96479793033101, -0.703125]}, {"id": 31, "coordinates": [47.338822694822, 5.185546875]}, {"id": 32, "coordinates": [50.40151532278235, 10.458984375]}, {"id": 33, "coordinates": [48.21003212234041, 3.97705078125]}, {"id": 34, "coordinates": [48.80686346108517, 8.61328125]}, {"id": 35, "coordinates": [47.27922900257082, 8.4375]}, {"id": 36, "coordinates": [52.241256149663414, 10.4150390625]}, {"id": 37, "coordinates": [55.5634123, 12.28271484375]}, {"id": 38, "coordinates": [50.06419173665909, 6.78955078125]}, {"id": 39, "coordinates": [50.34546040860479, 2.96630859375]}, {"id": 40, "coordinates": [40.99648401437788, 14.39208984375]}, {"id": 41, "coordinates": [53.5403073915002, 10.01953125]}, {"id": 42, "coordinates": [49.76707407366791, 6.075439453125]}, {"id": 43, "coordinates": [46.980252355218816, 12.83203125]}, {"id": 44, "coordinates": [44.621754096233246, 11.2939453125]}, {"id": 45, "coordinates": [49.49667452747043, 10.1513671875]}, {"id": 46, "coordinates": [51.69979984974194, 8.96484375]}, {"id": 47, "coordinates": [48.13676667969269, 11.337890625]}, {"id": 48, "coordinates": [44.527842798455495, 8.94287109375]}, {"id": 49, "coordinates": [51.075919775456775, 3.603515625]}, {"id": 50, "coordinates": [45.38301927899064, 11.00830078125]}, {"id": 51, "coordinates": [51.26191485308451, 10.37109375]}, {"id": 52, "coordinates": [51.33061163769853, 6.83349609375]}, {"id": 53, "coordinates": [53.77468884583576, 13.798828125]}, {"id": 54, "coordinates": [51.508742458803326, 13.88671875]}, {"id": 55, "coordinates": [52.321910885947716, 4.8779296875]}, {"id": 56, "coordinates": [48.341646172374595, 16.3037109375]}, {"id": 57, "coordinates": [45.87471224890478, 1.38427734375]}, {"id": 58, "coordinates": [44.5578, 12.67543]}, {"id": 59, "coordinates": [53.14677033085083, 6.50390625]}, {"id": 60, "coordinates": [52.568, 8.8653]}], "siteSiteDistances": [[0, 492.78137089, 279.12975038, 343.0069177, 384.31073389, 313.05648816, 392.43382714, 481.26294378, 221.66363661, 229.18397368, 484.88099902, 854.97231175, 1182.52188138, 1289.22428523, 1401.27183915, 1666.60627519, 1063.18310109, 1853.16632351, 868.72991702, 555.74700022, 916.37146824, 1302.48909579, 1449.79186694, 1210.524795, 1500.67108113, 1659.18851366, 853.39048209, 1594.55323631, 1696.39872081, 556.89947879, 1041.87431386, 1556.15236344, 1053.80979566, 1340.60817773, 1228.82180483, 1692.44878893, 2046.08752629, 1343.02819787, 1214.6118031, 1518.77741264, 1780.60666104, 1284.67866457, 1506.36376621, 1306.92396737, 1475.89142142, 1580.29283164, 1463.39639729, 1126.13649849, 1307.38646109, 1311.07382935, 1614.67154316, 1453.75304861, 1974.05842305, 1821.34223912, 1471.10953823, 1804.3183329, 728.23231824, 1411.12681723, 1606.14725326, 1648.27769103], [492.78137089, 0, 236.55038123, 474.24307313, 820.06965433, 449.80518411, 851.75643651, 973.53152751, 710.14767479, 605.90339409, 853.43923783, 381.07004273, 722.73363355, 800.32614081, 910.12617671, 1184.01108278, 833.77488946, 1482.01263798, 790.68880963, 241.54671848, 539.24441366, 1028.12057355, 1091.23892835, 865.73497332, 1086.55676264, 1203.59147101, 662.03415638, 1285.58397839, 1308.48617695, 440.81689977, 691.06400784, 1178.83027159, 756.93227571, 957.23372422, 814.88715199, 1347.0787613, 1727.52934172, 1016.05901082, 981.53517719, 1032.95186446, 1460.21964709, 966.47024374, 1049.12812797, 825.0247346, 1085.60763052, 1245.76654253, 1035.34431108, 651.37675812, 1066.86657791, 839.49040828, 1253.56808928, 1148.09430914, 1615.67067153, 1427.86760604, 1217.64790304, 1349.94223792, 484.73363582, 925.87023464, 1332.82535296, 1329.11163729], [279.12975038, 236.55038123, 0, 411.45193893, 646.71433888, 240.97243909, 616.25377619, 756.49951739, 500.70605122, 369.6846623, 622.14822194, 577.57832505, 903.4090442, 1015.54800461, 1141.9301867, 1419.85999147, 846.26173805, 1594.07202383, 715.13594447, 285.05176342, 647.52042081, 1072.61507978, 1192.27295638, 954.83087393, 1228.54772857, 1380.58477507, 644.89855093, 1355.03775493, 1431.67940758, 358.81560341, 781.89977047, 1293.74951721, 811.08527738, 1075.12237142, 955.46519472, 1440.86124351, 1805.93436649, 1094.68536129, 999.67981634, 1268.06827376, 1538.30398645, 1038.59799149, 1227.53163739, 1029.84348273, 1209.44753555, 1331.60103428, 1188.32963344, 847.90509093, 1091.06463531, 1032.23269447, 1357.50253803, 1214.1041643, 1719.55866948, 1555.55618857, 1251.83391833, 1525.92948599, 491.883699, 1135.05565714, 1380.363167, 1405.49244861], [343.0069177, 474.24307313, 411.45193893, 0, 427.40096261, 594.07545644, 702.29153988, 679.27092271, 439.54004887, 571.65506962, 825.90741443, 845.47857233, 1188.03605696, 1227.19723577, 1279.69847295, 1504.37053488, 1252.49932146, 1954.6503509, 1122.76081971, 663.79961861, 1006.73590775, 1470.74350603, 1560.4768301, 1329.85679702, 1560.53216575, 1666.02602375, 1054.80129295, 1743.39668895, 1782.34879895, 769.97031716, 1154.35166685, 1651.46000577, 1203.21132816, 1429.83183743, 1289.12690519, 1814.9332784, 2190.60283218, 1476.85448724, 1405.52261521, 1370.15409291, 1922.52894669, 1424.00513272, 1511.97500256, 1267.55448458, 1559.2824669, 1710.52478303, 1507.96015264, 1107.21040529, 1495.82275525, 1294.60301226, 1724.06949939, 1603.61955244, 2086.86045461, 1902.05941059, 1654.38753043, 1812.00498658, 894.87793614, 1359.66831593, 1778.72617626, 1790.28297074], [384.31073389, 820.06965433, 646.71433888, 427.40096261, 0, 685.24324254, 465.40702115, 297.0938774, 216.22816274, 519.48034578, 669.7440678, 1199.81141471, 1538.08447664, 1615.22714472, 1692.11305724, 1927.99125162, 1444.79028621, 2235.78389074, 1232.61235012, 931.11204468, 1293.64988379, 1685.73765332, 1832.63725246, 1593.60945834, 1875.20258979, 2018.6388674, 1234.48870407, 1978.6435688, 2076.70084995, 939.31506746, 1423.61959645, 1937.46441439, 1438.11037475, 1720.31748788, 1601.95905999, 2076.45287282, 2430.07780977, 1727.19593555, 1595.17185915, 1790.54360284, 2164.82288111, 1668.94356762, 1864.51219948, 1644.50616951, 1855.12411757, 1964.50302745, 1833.84570274, 1471.15840836, 1687.946654, 1659.02193152, 1997.69638906, 1837.90795616, 2357.7541498, 2201.10060781, 1851.9191176, 2164.74884141, 1112.53759281, 1743.63336316, 1988.18614144, 2032.53935403], [313.05648816, 449.80518411, 240.97243909, 594.07545644, 685.24324254, 0, 479.40618398, 694.09644955, 486.57768101, 222.22184397, 416.43232117, 710.96219322, 995.68610706, 1152.20389859, 1311.19491151, 1603.72302794, 762.40316754, 1581.60798845, 555.74144674, 361.95612637, 681.89403234, 1006.53529308, 1179.66302624, 941.43661867, 1260.5564321, 1451.75097868, 552.06835355, 1303.22001284, 1435.75742244, 264.50853915, 783.62852515, 1292.65337832, 772.38817884, 1086.04657723, 997.86864709, 1412.15699251, 1752.86839381, 1062.55613528, 911.20398675, 1448.56926599, 1490.4152542, 1002.56203595, 1304.55988684, 1149.65568131, 1221.31704454, 1297.67794505, 1234.77353675, 963.15213605, 1003.87159281, 1134.75675522, 1342.24280507, 1163.66656668, 1695.42956803, 1561.72997987, 1167.90712452, 1592.62964562, 452.93950089, 1258.72144156, 1305.50631249, 1359.34850554], [392.43382714, 851.75643651, 616.25377619, 702.29153988, 465.40702115, 479.40618398, 0, 279.34981773, 284.4511246, 260.80579928, 220.54894407, 1175.17109681, 1473.54828806, 1618.15011623, 1757.24321476, 2035.76319264, 1185.46989927, 2033.5029912, 913.9047352, 834.56781361, 1160.18842948, 1432.64422201, 1636.85125664, 1402.66431126, 1734.19660728, 1930.98827537, 983.91883794, 1732.19214731, 1897.88166835, 729.27011431, 1253.83616802, 1753.91807873, 1225.89379427, 1554.72126364, 1475.20084444, 1856.06728301, 2172.27822516, 1511.13060429, 1321.59602911, 1884.29602197, 1918.71106292, 1450.28586058, 1783.9635533, 1622.02373389, 1688.84582167, 1740.0628057, 1711.69194796, 1436.0015644, 1410.96562722, 1611.40549722, 1795.52269288, 1597.18318322, 2138.57418754, 2023.69490147, 1571.56859284, 2071.43668293, 920.99820412, 1730.23205549, 1713.8018669, 1791.5946529], [481.26294378, 973.53152751, 756.49951739, 679.27092271, 297.0938774, 694.09644955, 279.34981773, 0, 265.61253244, 477.04265267, 497.7326565, 1334.07672332, 1655.51340109, 1770.28063378, 1879.46111086, 2137.3685718, 1439.08645498, 2274.32930789, 1181.40453185, 1017.9114239, 1367.43321646, 1686.35551615, 1873.22105123, 1635.38966469, 1950.86568434, 2127.19983309, 1232.39352811, 1985.64578439, 2129.85317729, 957.57334134, 1476.99125323, 1986.72542262, 1464.37380035, 1779.43209603, 1683.85895091, 2102.02662428, 2430.6703036, 1753.56844111, 1580.52032171, 1992.42394089, 2172.89643462, 1693.12550067, 1976.03235594, 1786.34054226, 1914.87500159, 1986.72500591, 1920.65247067, 1604.07114216, 1671.41238054, 1787.25670064, 2035.10748509, 1848.16632563, 2385.36979693, 2255.82345545, 1833.77036179, 2270.93996847, 1147.03588374, 1891.32158534, 1975.06090681, 2043.67880715], [221.66363661, 710.14767479, 500.70605122, 439.54004887, 216.22816274, 486.57768101, 284.4511246, 265.61253244, 0, 304.72306368, 466.38927438, 1076.3777602, 1403.97692288, 1509.08187762, 1614.17002871, 1872.01703532, 1248.90473169, 2059.82687033, 1023.45347225, 773.82849405, 1131.75172627, 1493.02163457, 1656.52385606, 1417.15756333, 1716.74158985, 1879.99157305, 1038.625905, 1789.15008111, 1907.18516851, 748.21916765, 1251.85494448, 1765.70408344, 1254.15045449, 1552.68026433, 1446.05860789, 1894.51317634, 2239.25418932, 1544.53173038, 1397.0540906, 1726.83440497, 1976.19073648, 1485.15367838, 1727.41760535, 1528.1205151, 1688.25406261, 1780.88440137, 1681.52350337, 1347.70445981, 1489.58140915, 1532.73671034, 1820.64735575, 1649.21944995, 2177.30123855, 2032.6451378, 1653.56801757, 2024.89626441, 929.92601735, 1631.91685682, 1791.77372612, 1844.74031889], [229.18397368, 605.90339409, 369.6846623, 571.65506962, 519.48034578, 222.22184397, 260.80579928, 477.04265267, 304.72306368, 0, 266.75895482, 915.50022924, 1213.09072719, 1358.52175585, 1503.09734019, 1786.73308448, 964.3111538, 1797.55778483, 722.32871195, 573.76321863, 903.95281133, 1211.12539501, 1397.02101963, 1159.86741421, 1482.55083623, 1672.96179435, 756.32274303, 1509.97003634, 1654.96403721, 481.92105248, 1004.691434, 1511.48619945, 987.57058096, 1306.91868484, 1220.05452775, 1625.00367655, 1956.69147807, 1276.55348508, 1108.33559447, 1633.73631817, 1697.31056799, 1216.09100138, 1525.00691185, 1361.37166612, 1441.96021909, 1509.75284431, 1456.97923125, 1175.2768269, 1200.07654778, 1350.68062741, 1558.42793869, 1371.90632681, 1908.35626832, 1780.96424282, 1363.42655293, 1814.28681148, 672.76370681, 1469.69763208, 1503.592216, 1567.55358042], [484.88099902, 853.43923783, 622.14822194, 825.90741443, 669.7440678, 416.43232117, 220.54894407, 497.7326565, 466.38927438, 266.75895482, 0, 1124.34733973, 1390.89448812, 1562.73045478, 1727.35158043, 2020.0085621, 1021.1576155, 1878.19398094, 730.81231213, 773.64724308, 1057.04396356, 1265.18273019, 1490.12459667, 1263.38762543, 1609.67877959, 1826.58639868, 831.31377374, 1562.68304127, 1754.1062281, 617.60033003, 1129.15001631, 1610.38766926, 1082.13421414, 1423.08277416, 1363.40335329, 1695.52505248, 1994.00201232, 1358.06657549, 1147.6361395, 1864.96311238, 1747.13833809, 1297.39939369, 1685.65325045, 1554.57176996, 1554.03037625, 1579.44557394, 1596.08280515, 1368.51549639, 1233.87999591, 1532.50663497, 1643.38790022, 1432.00166478, 1975.37374514, 1878.79783221, 1390.68760468, 1962.18409671, 802.43022293, 1664.14378373, 1533.4980144, 1623.53633849], [854.97231175, 381.07004273, 577.57832505, 845.47857233, 1199.81141471, 710.96219322, 1175.17109681, 1334.07672332, 1076.3777602, 915.50022924, 1124.34733973, 0, 342.89808114, 443.02735659, 609.5642946, 913.40118004, 671.92796112, 1140.44095858, 778.39340217, 350.75605555, 287.49161184, 791.67817002, 773.05040985, 579.77327988, 725.61951887, 823.01173438, 586.64580143, 997.91683134, 959.65889922, 545.71888365, 428.0995948, 841.44031182, 541.49820886, 625.580117, 464.71168328, 1027.73689287, 1416.31196604, 731.57791557, 789.99396648, 756.75484024, 1155.68198342, 695.23429359, 668.56605031, 452.26551316, 741.84328484, 939.27318598, 666.78353386, 272.01626965, 857.26330106, 459.29427496, 925.7377966, 872.02576087, 1279.76058182, 1073.08501729, 981.72012863, 969.34035577, 439.26482349, 557.98111984, 1071.91338852, 1030.96528163], [1182.52188138, 722.73363355, 903.4090442, 1188.03605696, 1538.08447664, 995.68610706, 1473.54828806, 1655.51340109, 1403.97692288, 1213.09072719, 1390.89448812, 342.89808114, 0, 250.90145119, 496.40317218, 794.5388504, 653.80444394, 837.22316371, 879.74253025, 640.85880903, 349.03592207, 657.92523042, 523.69367255, 420.52474204, 408.04861254, 481.02001282, 678.27626236, 772.10492243, 651.87129021, 776.03031186, 369.97727599, 555.88670621, 499.13718619, 372.93515122, 208.5861398, 757.6499714, 1142.60966472, 540.64453619, 712.25959389, 652.4035908, 898.76951151, 530.93674895, 326.62658731, 190.97132665, 452.98255646, 692.29480943, 338.23405282, 107.07891931, 746.77136449, 142.6839717, 649.33469643, 673.69638896, 980.32795124, 754.68561789, 823.43610058, 627.34655471, 607.42194048, 292.72595567, 874.69376689, 788.98799105], [1289.22428523, 800.32614081, 1015.54800461, 1227.19723577, 1615.22714472, 1152.20389859, 1618.15011623, 1770.28063378, 1509.08187762, 1358.52175585, 1562.73045478, 443.02735659, 250.90145119, 0, 246.70555578, 544.44767617, 903.45698031, 978.87882536, 1115.09068337, 790.41228711, 571.95745451, 902.5593115, 733.27174424, 666.98851176, 561.13010801, 499.32335541, 912.09141477, 983.00409872, 797.214881, 964.27743345, 618.12510074, 734.98043927, 748.75962954, 592.7208748, 446.10381236, 939.03906554, 1307.69222735, 775.21909196, 962.38627832, 401.63079885, 1085.27169318, 772.84948235, 370.38251104, 89.36709788, 637.80344046, 893.9849167, 480.15056685, 206.63691622, 993.54141052, 175.89330691, 830.80681478, 900.61205508, 1121.45845024, 875.9964355, 1059.36930292, 631.87988182, 816.70522217, 134.6372584, 1096.08733178, 989.83702484], [1401.27183915, 910.12617671, 1141.9301867, 1279.69847295, 1692.11305724, 1311.19491151, 1757.24321476, 1879.46111086, 1614.17002871, 1503.09734019, 1727.35158043, 609.5642946, 496.40317218, 246.70555578, 0, 310.00303896, 1145.29946225, 1175.25179302, 1341.30191947, 957.21559873, 797.02353303, 1149.00520735, 969.26251776, 913.68492411, 778.95575621, 648.91376072, 1138.66136856, 1216.94470404, 1001.16575438, 1153.96801109, 859.16268544, 957.95492194, 990.9107315, 833.97469134, 692.2857705, 1158.9046973, 1512.6931112, 1019.49063681, 1208.58976149, 157.98092103, 1305.7646743, 1018.91882079, 557.54974294, 326.07260108, 865.87507345, 1124.56453193, 698.35661623, 435.14627825, 1240.21373826, 412.3777748, 1052.7290245, 1141.82389003, 1314.18676773, 1063.01216202, 1303.33078023, 754.21605874, 1026.03032758, 289.26496851, 1334.08686556, 1218.91848859], [1666.60627519, 1184.01108278, 1419.85999147, 1504.37053488, 1927.99125162, 1603.72302794, 2035.76319264, 2137.3685718, 1872.01703532, 1786.73308448, 2020.0085621, 913.40118004, 794.5388504, 544.44767617, 310.00303896, 0, 1447.87946987, 1365.87386654, 1650.9814444, 1256.25988418, 1106.48447023, 1432.90192669, 1225.85993008, 1202.33024647, 1013.87778383, 818.37652776, 1448.20670936, 1465.40354976, 1208.31271307, 1459.09199238, 1162.52859258, 1193.40737709, 1293.17349851, 1103.66781203, 978.2051095, 1384.27557303, 1707.5349833, 1294.41204129, 1502.09701836, 156.65522107, 1529.04959563, 1301.06323563, 775.3971265, 610.57595061, 1111.80783708, 1368.36085206, 937.77681371, 742.72643197, 1526.56520813, 689.82459462, 1283.92798617, 1406.93061768, 1495.53185164, 1245.21909969, 1574.78996215, 881.74316498, 1335.48665407, 538.84353313, 1589.51027836, 1458.36120921], [1063.18310109, 833.77488946, 846.26173805, 1252.49932146, 1444.79028621, 762.40316754, 1185.46989927, 1439.08645498, 1248.90473169, 964.3111538, 1021.1576155, 671.92796112, 653.80444394, 903.45698031, 1145.29946225, 1447.87946987, 0, 858.03633869, 310.69256915, 599.30621918, 386.79465253, 247.43650389, 483.75775513, 297.72246432, 654.95326338, 920.11720483, 210.43735383, 547.04118694, 746.65152751, 506.33285296, 286.18403914, 606.51988648, 154.71060126, 462.93728104, 496.29411148, 674.36863072, 992.4256542, 344.3381055, 153.42966827, 1302.88412049, 734.04521134, 285.96036482, 816.4929658, 842.19895423, 572.77004235, 558.29213557, 672.93472527, 712.55932897, 245.37778506, 773.43889658, 626.53555225, 412.02371746, 954.90021436, 867.95358825, 408.25096545, 1030.44613451, 358.18213684, 933.4918752, 543.43554069, 606.13123632], [1853.16632351, 1482.01263798, 1594.07202383, 1954.6503509, 2235.78389074, 1581.60798845, 2033.5029912, 2274.32930789, 2059.82687033, 1797.55778483, 1878.19398094, 1140.44095858, 837.22316371, 978.87882536, 1175.25179302, 1365.87386654, 858.03633869, 0, 1162.13967792, 1309.76467639, 950.61993861, 621.32145798, 403.45114367, 642.86193047, 430.20215457, 547.55791099, 1050.35620944, 351.74590975, 185.58567937, 1317.22855448, 812.50078189, 303.21131254, 809.98775936, 524.85210701, 675.84065429, 190.71063319, 341.69391838, 522.37414186, 748.11614536, 1286.41581171, 239.16992014, 583.22795328, 618.31600688, 890.88264845, 398.95153485, 302.6388385, 506.3928926, 943.23806368, 677.83453661, 811.00572386, 239.38380679, 455.36110427, 143.68465993, 123.97082749, 563.31992944, 515.99511073, 1130.416174, 887.94903557, 453.57028996, 291.94178049], [868.72991702, 790.68880963, 715.13594447, 1122.76081971, 1232.61235012, 555.74144674, 913.9047352, 1181.40453185, 1023.45347225, 722.32871195, 730.81231213, 778.39340217, 879.74253025, 1115.09068337, 1341.30191947, 1650.9814444, 310.69256915, 1162.13967792, 0, 554.54719254, 544.63062218, 541.62679635, 794.44733537, 596.62120248, 957.84016188, 1213.75431764, 203.05837121, 834.8929373, 1057.02207148, 361.06748921, 523.33416515, 917.21031382, 421.98425372, 764.36938345, 764.95717234, 974.98213002, 1263.2495193, 654.68018114, 419.10507924, 1498.25548959, 1017.67671633, 596.64477983, 1097.3788529, 1069.98969915, 880.85149188, 859.9625915, 967.36245533, 910.23186841, 503.38576326, 1014.9345269, 934.66468529, 708.9240774, 1250.6023494, 1177.57684988, 660.1257893, 1331.47387437, 344.11669467, 1171.8203593, 802.89409223, 896.49822119], [555.74700022, 241.54671848, 285.05176342, 663.79961861, 931.11204468, 361.95612637, 834.56781361, 1017.9114239, 773.82849405, 573.76321863, 773.64724308, 350.75605555, 640.85880903, 790.41228711, 957.21559873, 1256.25988418, 599.30621918, 1309.76467639, 554.54719254, 0, 362.58325404, 807.76589348, 908.80994942, 672.74760552, 945.26870261, 1109.28923997, 420.80537143, 1080.50675361, 1146.63320152, 226.0346039, 498.51682001, 1008.93797879, 539.4198919, 790.07592825, 673.08490096, 1159.33359489, 1529.40588358, 815.9964005, 749.94198546, 1099.92331246, 1261.31254337, 761.69684636, 958.34782314, 788.43972585, 924.419513, 1051.74826694, 907.84671841, 602.05555804, 837.948602, 777.19124759, 1073.92937376, 940.32224206, 1436.50267803, 1270.52174461, 993.53357653, 1253.19847979, 244.65987625, 897.25033003, 1115.45804877, 1128.69522647], [916.37146824, 539.24441366, 647.52042081, 1006.73590775, 1293.64988379, 681.89403234, 1160.18842948, 1367.43321646, 1131.75172627, 903.95281133, 1057.04396356, 287.49161184, 349.03592207, 571.95745451, 797.02353303, 1106.48447023, 386.79465253, 950.61993861, 544.63062218, 362.58325404, 0, 513.21989712, 553.74463805, 326.95714195, 585.01552854, 772.01628972, 341.73137139, 749.03584259, 784.58115538, 439.58851771, 154.5868746, 648.35652151, 254.52326365, 428.16896972, 316.6015679, 808.57562997, 1188.35357114, 478.66741234, 502.823415, 954.32499505, 921.27526427, 432.41589448, 628.70566631, 533.79577752, 561.99543446, 706.52770641, 553.60590507, 366.06618712, 572.64741396, 490.88020877, 717.6381823, 614.14912998, 1080.63799471, 908.10541367, 705.0656572, 911.33727574, 260.26476259, 640.09218124, 806.67711342, 790.65951105], [1302.48909579, 1028.12057355, 1072.61507978, 1470.74350603, 1685.73765332, 1006.53529308, 1432.64422201, 1686.35551615, 1493.02163457, 1211.12539501, 1265.18273019, 791.67817002, 657.92523042, 902.5593115, 1149.00520735, 1432.90192669, 247.43650389, 621.32145798, 541.62679635, 807.76589348, 513.21989712, 0, 288.84728475, 237.76669923, 505.76416707, 784.55427633, 455.2555161, 299.62454117, 532.73946757, 746.54945967, 363.72944547, 404.55602219, 271.20557767, 341.94988524, 456.83616049, 433.37342824, 746.40916017, 156.68275393, 129.02754062, 1301.05432607, 486.62312, 132.20616471, 715.37065958, 825.39509627, 404.7884101, 318.72986337, 549.87601894, 744.42872277, 96.28705975, 743.3098853, 400.98346206, 167.38515694, 710.38318495, 646.454114, 191.99818605, 870.95808894, 581.00248581, 896.0703595, 308.09422281, 359.11507598], [1449.79186694, 1091.23892835, 1192.27295638, 1560.4768301, 1832.63725246, 1179.66302624, 1636.85125664, 1873.22105123, 1656.52385606, 1397.02101963, 1490.12459667, 773.05040985, 523.69367255, 733.27174424, 969.26251776, 1225.85993008, 483.75775513, 403.45114367, 794.44733537, 908.80994942, 553.74463805, 288.84728475, 0, 239.4192997, 231.41264878, 506.78541011, 658.81474241, 250.26473398, 264.50059167, 915.65483096, 410.41195312, 122.76345836, 410.96148423, 152.74553733, 323.11123365, 256.6353654, 643.5526572, 141.54121194, 412.67401867, 1109.90849735, 383.74100223, 197.80558499, 464.367586, 646.21824664, 124.80371179, 169.90497998, 293.92268376, 628.28621267, 377.61344206, 558.67256213, 165.24138092, 186.96477256, 527.78037773, 388.67343797, 360.68761952, 583.44142649, 727.59370782, 690.43479876, 365.22528288, 265.96607519], [1210.524795, 865.73497332, 954.83087393, 1329.85679702, 1593.60945834, 941.43661867, 1402.66431126, 1635.38966469, 1417.15756333, 1159.86741421, 1263.38762543, 579.77327988, 420.52474204, 666.98851176, 913.68492411, 1202.33024647, 297.72246432, 642.86193047, 596.62120248, 672.74760552, 326.95714195, 237.76669923, 239.4192997, 0, 361.26752113, 622.41925153, 435.62799846, 423.23650869, 495.41292149, 678.01534732, 175.50677484, 351.67570942, 182.37575468, 167.76598039, 224.25339592, 486.59441206, 861.92446569, 153.15619578, 302.49063226, 1067.14414787, 594.48567606, 117.8696595, 522.24039605, 592.37645889, 291.35549496, 380.72222569, 375.21408914, 507.03084097, 326.62156193, 513.03892522, 404.14798437, 292.52577335, 764.90195624, 621.36192416, 413.40998358, 735.23177882, 488.79157268, 669.66057874, 492.39307828, 463.70413582], [1500.67108113, 1086.55676264, 1228.54772857, 1560.53216575, 1875.20258979, 1260.5564321, 1734.19660728, 1950.86568434, 1716.74158985, 1482.55083623, 1609.67877959, 725.61951887, 408.04861254, 561.13010801, 778.95575621, 1013.87778383, 654.95326338, 430.20215457, 957.84016188, 945.26870261, 585.01552854, 505.76416707, 231.41264878, 361.26752113, 0, 278.86982156, 791.99116603, 452.91245781, 244.61905653, 1005.05740365, 481.46648473, 180.25968856, 540.60983439, 193.50440263, 273.69889516, 380.11695758, 748.11851021, 349.1659913, 619.24486554, 908.86335675, 526.96710054, 388.59107982, 240.20320692, 471.80529174, 106.68508668, 354.75041662, 81.16994522, 513.42186274, 599.59688324, 387.59934038, 273.92952712, 417.82216547, 573.75786302, 348.55042274, 591.61407734, 375.63004736, 813.56367409, 490.96204069, 580.45868296, 444.78893186], [1659.18851366, 1203.59147101, 1380.58477507, 1666.02602375, 2018.6388674, 1451.75097868, 1930.98827537, 2127.19983309, 1879.99157305, 1672.96179435, 1826.58639868, 823.01173438, 481.02001282, 499.32335541, 648.91376072, 818.37652776, 920.11720483, 547.55791099, 1213.75431764, 1109.28923997, 772.01628972, 784.55427633, 506.78541011, 622.41925153, 278.86982156, 0, 1034.43991716, 701.24296617, 398.83316367, 1210.58302311, 706.91838801, 425.56068444, 791.7989497, 459.32107909, 464.47272281, 586.89230354, 889.17495502, 627.89881823, 896.23743872, 745.00441817, 725.19720117, 665.16649057, 154.46557584, 425.61046686, 382.8918845, 601.3016111, 247.26115874, 559.67108722, 878.45807877, 375.60010079, 500.0336578, 690.06815382, 678.31073754, 427.08301261, 862.7471922, 146.3507916, 1024.29434852, 378.72280775, 833.07317563, 677.85826012], [853.39048209, 662.03415638, 644.89855093, 1054.80129295, 1234.48870407, 552.06835355, 983.91883794, 1232.39352811, 1038.625905, 756.32274303, 831.31377374, 586.64580143, 678.27626236, 912.09141477, 1138.66136856, 1448.20670936, 210.43735383, 1050.35620944, 203.05837121, 420.80537143, 341.73137139, 455.2555161, 658.81474241, 435.62799846, 791.99116603, 1034.43991716, 0, 753.66755214, 922.8462588, 297.0529149, 330.96426037, 779.24087947, 253.25239973, 600.27376049, 576.02649077, 872.21194615, 1201.57691707, 528.29644215, 361.25019354, 1295.80352491, 941.01878811, 467.43625071, 910.08372274, 868.0079209, 726.92304651, 756.28504727, 791.33285202, 707.17691889, 454.00775618, 815.0463393, 813.53456927, 615.77341915, 1154.98364405, 1047.48647613, 617.73720289, 1159.23314116, 178.56316005, 970.80564374, 753.84515342, 811.31495008], [1594.55323631, 1285.58397839, 1355.03775493, 1743.39668895, 1978.6435688, 1303.22001284, 1732.19214731, 1985.64578439, 1789.15008111, 1509.97003634, 1562.68304127, 997.91683134, 772.10492243, 983.00409872, 1216.94470404, 1465.40354976, 547.04118694, 351.74590975, 834.8929373, 1080.50675361, 749.03584259, 299.62454117, 250.26473398, 423.23650869, 452.91245781, 701.24296617, 753.66755214, 0, 336.15203809, 1041.19262654, 595.13147003, 278.07372133, 543.99159372, 399.1912445, 567.56432742, 164.9910749, 451.693575, 270.43691098, 415.80554876, 1354.73679206, 187.35720578, 319.62258756, 693.10638309, 895.48945624, 353.86170312, 100.09811269, 527.62677011, 875.38858868, 335.33825039, 807.91302337, 204.77733752, 141.06112905, 417.41379784, 414.87040475, 211.9981625, 739.75347408, 867.61748162, 934.70941703, 132.13552165, 62.51717517], [1696.39872081, 1308.48617695, 1431.67940758, 1782.34879895, 2076.70084995, 1435.75742244, 1897.88166835, 2129.85317729, 1907.18516851, 1654.96403721, 1754.1062281, 959.65889922, 651.87129021, 797.214881, 1001.16575438, 1208.31271307, 746.65152751, 185.58567937, 1057.02207148, 1146.63320152, 784.58115538, 532.73946757, 264.50059167, 495.41292149, 244.61905653, 398.83316367, 922.8462588, 336.15203809, 0, 1173.04298742, 655.3303013, 144.03202761, 673.12043017, 356.55730258, 496.41196402, 193.33058258, 512.05381916, 402.35453692, 661.43275855, 1119.27729264, 326.49056348, 461.13203554, 444.02178989, 708.62207307, 223.32572709, 246.23218107, 321.40618527, 757.73847838, 608.44539523, 627.33978239, 139.13591747, 383.81161731, 329.15700337, 126.00043494, 534.17836895, 409.21957833, 982.81983744, 712.25497259, 465.12590051, 296.69364058], [556.89947879, 440.81689977, 358.81560341, 769.97031716, 939.31506746, 264.50853915, 729.27011431, 957.57334134, 748.21916765, 481.92105248, 617.60033003, 545.71888365, 776.03031186, 964.27743345, 1153.96801109, 1459.09199238, 506.33285296, 1317.22855448, 361.06748921, 226.0346039, 439.58851771, 746.54945967, 915.65483096, 678.01534732, 1005.05740365, 1210.58302311, 297.0529149, 1041.19262654, 1173.04298742, 0, 524.61893156, 1029.58851955, 507.88210466, 826.06524295, 749.46577734, 1147.79971861, 1491.90001079, 798.09914407, 658.20506974, 1302.45523356, 1228.09511391, 738.1858309, 1068.29344331, 946.59159117, 960.7287088, 1033.50764286, 984.70682571, 762.87944429, 750.91083033, 918.39718919, 1077.88832695, 901.06518174, 1431.02325018, 1299.04320785, 914.4312634, 1348.05761923, 191.77018448, 1056.05484023, 1049.27651354, 1096.53280653], [1041.87431386, 691.06400784, 781.89977047, 1154.35166685, 1423.61959645, 783.62852515, 1253.83616802, 1476.99125323, 1251.85494448, 1004.691434, 1129.15001631, 428.0995948, 369.97727599, 618.12510074, 859.16268544, 1162.52859258, 286.18403914, 812.50078189, 523.33416515, 498.51682001, 154.5868746, 363.72944547, 410.41195312, 175.50677484, 481.46648473, 706.91838801, 330.96426037, 595.13147003, 655.3303013, 524.61893156, 0, 514.30556581, 132.43681937, 302.45633152, 245.25318253, 661.5051289, 1037.14357583, 325.08590378, 371.64023815, 1016.81407452, 769.44787542, 277.83470956, 579.27509056, 560.15629012, 437.89634047, 556.2153573, 468.42263875, 426.6675831, 431.11916646, 496.76161129, 575.61968461, 459.61598352, 938.00061277, 780.85201021, 554.53258187, 836.49475135, 332.85244043, 656.07535206, 652.55379103, 638.07209661], [1556.15236344, 1178.83027159, 1293.74951721, 1651.46000577, 1937.46441439, 1292.65337832, 1753.91807873, 1986.72542262, 1765.70408344, 1511.48619945, 1610.38766926, 841.44031182, 555.88670621, 734.98043927, 957.95492194, 1193.40737709, 606.51988648, 303.21131254, 917.21031382, 1008.93797879, 648.35652151, 404.55602219, 122.76345836, 351.67570942, 180.25968856, 425.56068444, 779.24087947, 278.07372133, 144.03202761, 1029.58851955, 514.30556581, 0, 529.11545993, 221.64124292, 377.35175988, 204.59291024, 586.76439242, 263.65303428, 531.17766337, 1089.07965844, 350.31218946, 320.56892114, 418.3536313, 645.72142417, 102.99290842, 178.17332582, 259.77226674, 662.953395, 488.03196429, 559.52856637, 95.87109206, 274.57021032, 438.92769817, 269.78444573, 442.26515918, 481.00074084, 839.74625973, 670.71869982, 408.81899682, 264.9582637], [1053.80979566, 756.93227571, 811.08527738, 1203.21132816, 1438.11037475, 772.38817884, 1225.89379427, 1464.37380035, 1254.15045449, 987.57058096, 1082.13421414, 541.49820886, 499.13718619, 748.75962954, 990.9107315, 1293.17349851, 154.71060126, 809.98775936, 421.98425372, 539.4198919, 254.52326365, 271.20557767, 410.96148423, 182.37575468, 540.60983439, 791.7989497, 253.25239973, 543.99159372, 673.12043017, 507.88210466, 132.43681937, 529.11545993, 0, 347.87019629, 349.14534329, 640.38588033, 995.25304893, 290.42864503, 248.50553009, 1148.39993159, 728.16828102, 231.10827069, 677.52415838, 687.86293644, 473.69532648, 526.93168658, 545.68491274, 559.05830494, 319.80439666, 620.36445001, 570.90440824, 403.02177389, 923.38360248, 798.55665885, 461.67256872, 911.37357893, 325.58169432, 780.38143527, 576.99737905, 595.45396072], [1340.60817773, 957.23372422, 1075.12237142, 1429.83183743, 1720.31748788, 1086.04657723, 1554.72126364, 1779.43209603, 1552.68026433, 1306.91868484, 1423.08277416, 625.580117, 372.93515122, 592.7208748, 833.97469134, 1103.66781203, 462.93728104, 524.85210701, 764.36938345, 790.07592825, 428.16896972, 341.94988524, 152.74553733, 167.76598039, 193.50440263, 459.32107909, 600.27376049, 399.1912445, 356.55730258, 826.06524295, 302.45633152, 221.64124292, 347.87019629, 0, 170.36721845, 402.53495851, 791.5671783, 192.1797781, 441.50090716, 979.81861904, 535.35913715, 212.77637651, 374.33250983, 508.17894296, 135.62941308, 322.64882211, 214.22101406, 476.46889616, 438.23682105, 421.62550997, 300.4539285, 308.01594114, 659.2826662, 480.831578, 471.42835908, 567.91542339, 634.42789487, 564.83971742, 504.60909575, 418.59581566], [1228.82180483, 814.88715199, 955.46519472, 1289.12690519, 1601.95905999, 997.86864709, 1475.20084444, 1683.85895091, 1446.05860789, 1220.05452775, 1363.40335329, 464.71168328, 208.5861398, 446.10381236, 692.2857705, 978.2051095, 496.29411148, 675.84065429, 764.95717234, 673.08490096, 316.6015679, 456.83616049, 323.11123365, 224.25339592, 273.69889516, 464.47272281, 576.02649077, 567.56432742, 496.41196402, 749.46577734, 245.25318253, 377.35175988, 349.14534329, 170.36721845, 0, 569.6861777, 958.59352282, 332.45551606, 525.82516474, 844.32800213, 705.12159466, 326.74651953, 334.06142592, 368.84407494, 277.13288336, 493.01562553, 237.0236961, 308.42755246, 549.02768233, 288.78883913, 464.50026776, 465.23131734, 815.10452716, 613.41979693, 615.99004307, 598.8995451, 561.03753248, 446.02152428, 666.72481974, 588.87924526], [1692.44878893, 1347.0787613, 1440.86124351, 1814.9332784, 2076.45287282, 1412.15699251, 1856.06728301, 2102.02662428, 1894.51317634, 1625.00367655, 1695.52505248, 1027.73689287, 757.6499714, 939.03906554, 1158.9046973, 1384.27557303, 674.36863072, 190.71063319, 974.98213002, 1159.33359489, 808.57562997, 433.37342824, 256.6353654, 486.59441206, 380.11695758, 586.89230354, 872.21194615, 164.9910749, 193.33058258, 1147.79971861, 661.5051289, 204.59291024, 640.38588033, 402.53495851, 569.6861777, 0, 389.1065824, 349.98166364, 558.86550536, 1286.21732402, 146.86425788, 409.61429633, 610.27685647, 849.71142155, 305.74378238, 116.16067952, 461.09307214, 864.50644121, 487.1863615, 763.83126375, 108.93993739, 266.31935401, 283.3739959, 251.83310649, 376.68819641, 602.14238132, 965.10822298, 870.39070801, 282.11080508, 111.22953217], [2046.08752629, 1727.52934172, 1805.93436649, 2190.60283218, 2430.07780977, 1752.86839381, 2172.27822516, 2430.6703036, 2239.25418932, 1956.69147807, 1994.00201232, 1416.31196604, 1142.60966472, 1307.69222735, 1512.6931112, 1707.5349833, 992.4256542, 341.69391838, 1263.2495193, 1529.40588358, 1188.35357114, 746.40916017, 643.5526572, 861.92446569, 748.11851021, 889.17495502, 1201.57691707, 451.693575, 512.05381916, 1491.90001079, 1037.14357583, 586.76439242, 995.25304893, 791.5671783, 958.59352282, 389.1065824, 0, 713.78748123, 850.8307738, 1627.08060499, 268.12553634, 767.85840637, 955.16177654, 1218.66858725, 689.7389348, 481.97564193, 828.33166102, 1249.68565631, 761.46901295, 1135.54552986, 494.75116353, 592.71211915, 221.49281027, 463.11916336, 603.45344309, 848.62900354, 1319.30344645, 1224.08577208, 460.66779327, 400.73034467], [1343.02819787, 1016.05901082, 1094.68536129, 1476.85448724, 1727.19593555, 1062.55613528, 1511.13060429, 1753.56844111, 1544.53173038, 1276.55348508, 1358.06657549, 731.57791557, 540.64453619, 775.21909196, 1019.49063681, 1294.41204129, 344.3381055, 522.37414186, 654.68018114, 815.9964005, 478.66741234, 156.68275393, 141.54121194, 153.15619578, 349.1659913, 627.89881823, 528.29644215, 270.43691098, 402.35453692, 798.09914407, 325.08590378, 263.65303428, 290.42864503, 192.1797781, 332.45551606, 349.98166364, 713.78748123, 0, 273.86007852, 1167.93258032, 445.68244626, 60.87518073, 561.51363841, 693.53802013, 249.46892233, 237.39426837, 394.33265649, 636.5983672, 251.53647646, 608.47993997, 285.37574359, 140.85366664, 632.97377401, 523.89079935, 284.17675336, 716.71257187, 615.26127684, 755.66238816, 343.33396111, 313.5355761], [1214.6118031, 981.53517719, 999.67981634, 1405.52261521, 1595.17185915, 911.20398675, 1321.59602911, 1580.52032171, 1397.0540906, 1108.33559447, 1147.6361395, 789.99396648, 712.25959389, 962.38627832, 1208.58976149, 1502.09701836, 153.42966827, 748.11614536, 419.10507924, 749.94198546, 502.823415, 129.02754062, 412.67401867, 302.49063226, 619.24486554, 896.23743872, 361.25019354, 415.80554876, 661.43275855, 658.20506974, 371.64023815, 531.17766337, 248.50553009, 441.50090716, 525.82516474, 558.86550536, 850.8307738, 273.86007852, 0, 1363.91449446, 599.50463807, 231.07385036, 814.58837284, 891.52208496, 522.76181665, 445.60522951, 655.03378051, 787.17195612, 92.79109539, 814.26204579, 529.99746775, 292.77522546, 831.7899864, 775.47334554, 256.76056042, 990.1305057, 510.78005864, 971.78786641, 395.30149308, 477.40652936], [1518.77741264, 1032.95186446, 1268.06827376, 1370.15409291, 1790.54360284, 1448.56926599, 1884.29602197, 1992.42394089, 1726.83440497, 1633.73631817, 1864.96311238, 756.754