{"parameters": {"buildingCosts": {"productionCenter": 800000, "automationPenalty": 1200000, "distributionCenter": 60000}, "productionCosts": {"productionCenter": 18.0, "automationBonus": 3.4, "distributionCenter": 2.0}, "routingCosts": {"primary": 0.0075, "secondary": 0.11}, "capacityCost": 1000.0, "capacities": {"productionCenter": 1250000, "automationBonus": 1250000}}, "clients": [{"id": 582, "demand": 707000.0, "coordinates": [46.786474, 0.812671]}, {"id": 37, "demand": 147000.0, "coordinates": [38.016969, -8.809207350000001]}, {"id": 1332, "demand": 836000.0, "coordinates": [52.81746712727272, 7.329850790909091]}, {"id": 39, "demand": 28000.0, "coordinates": [38.1087645, -3.7638256]}, {"id": 502, "demand": 676000.0, "coordinates": [45.7918236, 9.1258143]}, {"id": 1050, "demand": 975000.0, "coordinates": [50.06376813333333, 1.4708752666666667]}, {"id": 590, "demand": 1356000.0, "coordinates": [46.762081650000006, 5.915374975000001]}, {"id": 246, "demand": 304000.0, "coordinates": [43.028484399999996, 13.5820691]}, {"id": 803, "demand": 517000.0, "coordinates": [48.291311300000004, -0.6077217500000001]}, {"id": 1450, "demand": 345000.0, "coordinates": [55.3844798, 13.1422997]}, {"id": 209, "demand": 290000.0, "coordinates": [42.3376953, -1.9349092]}, {"id": 394, "demand": 627000.0, "coordinates": [44.820580230000004, 10.91825687]}, {"id": 80, "demand": 387000.0, "coordinates": [39.2779923, -2.5890735]}, {"id": 336, "demand": 393000.0, "coordinates": [44.006589, 11.9420562]}, {"id": 371, "demand": 118000.0, "coordinates": [44.5417157, 9.6898316]}, {"id": 572, "demand": 439000.0, "coordinates": [46.59804433666666, 14.311524849999998]}, {"id": 736, "demand": 698000.0, "coordinates": [47.88275165, 6.75719065]}, {"id": 30, "demand": 173000.0, "coordinates": [37.68190554, -0.98590249]}, {"id": 815, "demand": 789000.0, "coordinates": [48.41489, 4.840849]}, {"id": 230, "demand": 73000.0, "coordinates": [42.780406199999994, 11.1045495]}, {"id": 877, "demand": 383000.0, "coordinates": [48.58059696500002, 7.708500709999998]}, {"id": 51, "demand": 35000.0, "coordinates": [38.5714305, -7.913501]}, {"id": 365, "demand": 354000.0, "coordinates": [44.56352105, 6.0968845]}, {"id": 120, "demand": 599000.0, "coordinates": [40.88238642857142, -8.601171342857144]}, {"id": 792, "demand": 167000.0, "coordinates": [48.210592055952375, 16.370082580952378]}, {"id": 1342, "demand": 1278000.0, "coordinates": [52.81892, 13.051047400000002]}, {"id": 258, "demand": 540000.0, "coordinates": [43.1784274, -0.2565264]}, {"id": 958, "demand": 355000.0, "coordinates": [49.1934861, 3.96983714]}, {"id": 43, "demand": 138000.0, "coordinates": [40.044437584608566, 16.1279296875]}, {"id": 273, "demand": 43000.0, "coordinates": [43.537, -6.70808]}, {"id": 1309, "demand": 433000.0, "coordinates": [52.48877777777777, 4.723888888888888]}, {"id": 618, "demand": 548000.0, "coordinates": [46.96932893333334, 2.039425133333333]}, {"id": 455, "demand": 1055000.0, "coordinates": [45.5354915, 3.7251851333333335]}, {"id": 423, "demand": 232000.0, "coordinates": [45.178636749999995, 0.7745595000000001]}, {"id": 660, "demand": 186000.0, "coordinates": [47.396261466666665, 3.5712659666666666]}, {"id": 971, "demand": 462000.0, "coordinates": [49.15801251851852, 9.186684966666668]}, {"id": 604, "demand": 183000.0, "coordinates": [46.75231674375, 15.50464755625]}, {"id": 974, "demand": 213000.0, "coordinates": [49.126580733333334, 11.0414249]}, {"id": 1304, "demand": 544000.0, "coordinates": [52.17456714, 11.80575852]}, {"id": 433, "demand": 391000.0, "coordinates": [45.174290842105265, 7.665657010526316]}, {"id": 1407, "demand": 331000.0, "coordinates": [53.7680425, 12.470511949999999]}, {"id": 898, "demand": 298000.0, "coordinates": [48.74492128333333, -3.452798]}, {"id": 1163, "demand": 373000.0, "coordinates": [50.88077850333333, 10.977586195]}, {"id": 1144, "demand": 1047000.0, "coordinates": [50.96395833333333, 3.466388888888889]}, {"id": 1017, "demand": 378000.0, "coordinates": [49.55777042, 8.02449962]}, {"id": 327, "demand": 465000.0, "coordinates": [44.00106237777777, 4.761395644444445]}, {"id": 1219, "demand": 753000.0, "coordinates": [51.342692666666665, 13.370046500000003]}, {"id": 832, "demand": 426000.0, "coordinates": [48.342233916666665, 10.4174233]}, {"id": 646, "demand": 361000.0, "coordinates": [47.28391320000001, -2.1570622882352946]}, {"id": 626, "demand": 315000.0, "coordinates": [47.1064013, 4.925817]}, {"id": 741, "demand": 229000.0, "coordinates": [47.812524716666665, 9.353380483333332]}, {"id": 185, "demand": 210000.0, "coordinates": [42.0437111, 12.3008627]}, {"id": 1179, "demand": 610000.0, "coordinates": [51.064107525, 7.426838575]}, {"id": 1016, "demand": 354000.0, "coordinates": [49.50284091423612, 6.157694132986112]}, {"id": 1158, "demand": 463000.0, "coordinates": [50.992193833333324, 8.7738813]}, {"id": 459, "demand": 666000.0, "coordinates": [45.5866351, 4.9506336666666675]}, {"id": 1269, "demand": 466000.0, "coordinates": [51.871165133333335, 9.472777966666667]}, {"id": 453, "demand": 328000.0, "coordinates": [45.400996, 2.495397]}, {"id": 155, "demand": 275000.0, "coordinates": [41.50359005, 14.61025275]}, {"id": 419, "demand": 220000.0, "coordinates": [45.16723293333334, -0.6173232333333333]}, {"id": 193, "demand": 186000.0, "coordinates": [42.146079, -0.39822559999999996]}, {"id": 89, "demand": 66000.0, "coordinates": [39.63686918333334, -0.29122629166666664]}, {"id": 1416, "demand": 808000.0, "coordinates": [53.991330000000005, 10.32705]}, {"id": 953, "demand": 414000.0, "coordinates": [49.044952566666666, 2.1354972333333335]}, {"id": 751, "demand": 288000.0, "coordinates": [47.92753071250001, 13.247481325]}, {"id": 2, "demand": 194000.0, "coordinates": [36.178848450000004, -5.44288265]}, {"id": 807, "demand": 195000.0, "coordinates": [48.289560575, 0.8069565249999999]}, {"id": 1086, "demand": 432000.0, "coordinates": [50.45177777777778, 5.610888888888889]}, {"id": 946, "demand": 84000.0, "coordinates": [49.1560093, -0.060803300000000005]}, {"id": 247, "demand": 202000.0, "coordinates": [43.28894805, -8.8032021]}, {"id": 137, "demand": 233000.0, "coordinates": [41.140336827272726, 1.1958132000000001]}, {"id": 83, "demand": 11000.0, "coordinates": [38.272688535980954, -2.5927734375]}, {"id": 1425, "demand": 148000.0, "coordinates": [54.18085455, 9.112152825]}, {"id": 547, "demand": 335000.0, "coordinates": [46.2778715, 10.264862]}, {"id": 139, "demand": 85000.0, "coordinates": [41.2940194, 13.2340168]}, {"id": 712, "demand": 264000.0, "coordinates": [47.543823575, 12.10499965]}, {"id": 287, "demand": 58000.0, "coordinates": [43.422878833333336, 3.7168926666666664]}, {"id": 134, "demand": 136000.0, "coordinates": [41.2237352, -4.1673948]}, {"id": 11, "demand": 3000.0, "coordinates": [37.10848498333333, -8.093768666666666]}, {"id": 1196, "demand": 277000.0, "coordinates": [51.28835185185185, 5.023574074074075]}, {"id": 890, "demand": 220000.0, "coordinates": [48.588576274999994, 12.178210675]}, {"id": 326, "demand": 286000.0, "coordinates": [43.9253865, 2.1865615]}, {"id": 203, "demand": 23000.0, "coordinates": [42.4186104, -6.983908]}, {"id": 9, "demand": 30000.0, "coordinates": [36.8665012, -2.4381901]}, {"id": 444, "demand": 649000.0, "coordinates": [45.22012163333333, 12.146971033333335]}, {"id": 1135, "demand": 186000.0, "coordinates": [50.72204093846154, 12.453936396153845]}, {"id": 240, "demand": 115000.0, "coordinates": [42.900279775, 1.6527498]}, {"id": 277, "demand": 34000.0, "coordinates": [43.375356950000004, -1.288606275]}, {"id": 294, "demand": 171000.0, "coordinates": [43.44696736666666, 6.713804066666666]}, {"id": 611, "demand": 209000.0, "coordinates": [47.072184674999995, -0.5966783]}, {"id": 275, "demand": 169000.0, "coordinates": [43.420650890000005, -3.843361829999999]}, {"id": 1437, "demand": 24000.0, "coordinates": [54.424154675, 13.481536825]}, {"id": 362, "demand": 83000.0, "coordinates": [44.5285401, 3.4741334]}, {"id": 197, "demand": 91000.0, "coordinates": [46.95026224218561, 8.26171875]}, {"id": 894, "demand": 635000.0, "coordinates": [48.4920077, 14.4984164]}, {"id": 1404, "demand": 140000.0, "coordinates": [53.71335506666667, 11.288117183333332]}, {"id": 1308, "demand": 475000.0, "coordinates": [52.25566333333334, 14.511106666666668]}, {"id": 1006, "demand": 257000.0, "coordinates": [49.528252474999995, -1.8557915]}, {"id": 351, "demand": 7000.0, "coordinates": [44.3189742, 8.473629]}, {"id": 10, "demand": 42000.0, "coordinates": [40.51379915504414, 18.2373046875]}, {"id": 69, "demand": 8000.0, "coordinates": [39.2015051, -1.4307568]}, {"id": 568, "demand": 136000.0, "coordinates": [46.455406733333334, 11.3304765]}, {"id": 324, "demand": 222000.0, "coordinates": [44.08095595, 1.06178245]}, {"id": 1265, "demand": 31000.0, "coordinates": [51.91622492500001, 8.360017762499998]}, {"id": 1190, "demand": 112000.0, "coordinates": [51.127752266666675, 14.480760605555556]}, {"id": 291, "demand": 8000.0, "coordinates": [43.34922902, 5.567538713333333]}, {"id": 92, "demand": 138000.0, "coordinates": [39.8075778, -7.49380685]}, {"id": 1361, "demand": 80000.0, "coordinates": [53.11222222222222, 6.064444444444444]}, {"id": 176, "demand": 93000.0, "coordinates": [42.0032453, -5.6685659]}, {"id": 225, "demand": 46000.0, "coordinates": [42.67392975, -2.9331948]}, {"id": 1465, "demand": 121000.0, "coordinates": [56.0531315, 14.4805741]}, {"id": 196, "demand": 110000.0, "coordinates": [42.258576, 3.090521]}, {"id": 1447, "demand": 291000.0, "coordinates": [55.506097833333335, 11.893056733333333]}, {"id": 74, "demand": 113000.0, "coordinates": [39.4097003, -9.13914]}, {"id": 18, "demand": 80000.0, "coordinates": [37.2646891, -6.961387]}, {"id": 1347, "demand": 280000.0, "coordinates": [52.97404186, 8.806285679999998]}, {"id": 1129, "demand": 932000.0, "coordinates": [50.74118259285715, 9.749723235714285]}, {"id": 464, "demand": 280000.0, "coordinates": [45.5691496, 6.4469978999999995]}, {"id": 131, "demand": 18000.0, "coordinates": [41.26050275, -7.6061642166666665]}, {"id": 1192, "demand": 4000.0, "coordinates": [51.254482, 15.567056]}, {"id": 812, "demand": 48000.0, "coordinates": [48.38059177142857, 2.9004506714285716]}, {"id": 190, "demand": 35000.0, "coordinates": [42.176221, -8.50006]}, {"id": 532, "demand": 131000.0, "coordinates": [46.1061055, 12.8769047]}, {"id": 44, "demand": 33000.0, "coordinates": [41.046216814520626, 17.2265625]}, {"id": 52, "demand": 92000.0, "coordinates": [38.6908008, -6.4352578]}, {"id": 107, "demand": 34000.0, "coordinates": [40.365620975, -1.143456775]}, {"id": 28, "demand": 227000.0, "coordinates": [37.5442706, -4.7277528]}, {"id": 1300, "demand": 190000.0, "coordinates": [52.27268703333334, 10.554339]}, {"id": 1034, "demand": 24000.0, "coordinates": [49.827565570000004, 4.750613400000001]}, {"id": 1257, "demand": 205000.0, "coordinates": [51.87657407407408, 5.872037037037037]}, {"id": 314, "demand": 19000.0, "coordinates": [43.8225316, 10.5589899]}, {"id": 135, "demand": 54000.0, "coordinates": [41.1894468, -1.8757963]}, {"id": 1140, "demand": 32000.0, "coordinates": [50.96942844, 2.0700826]}, {"id": 102, "demand": 32000.0, "coordinates": [40.2124597, -4.0596269]}, {"id": 244, "demand": 13000.0, "coordinates": [43.0766604, 12.4302835]}, {"id": 718, "demand": 27000.0, "coordinates": [47.817129, -4.378496]}, {"id": 32, "demand": 4000.0, "coordinates": [38.85682013474362, 16.3916015625]}, {"id": 1063, "demand": 4000.0, "coordinates": [50.061103333333335, 7.027133233333333]}, {"id": 20, "demand": 58000.0, "coordinates": [37.33339464583334, -5.832790641666667]}, {"id": 1469, "demand": 41000.0, "coordinates": [56.663936, 12.8690852]}, {"id": 1028, "demand": 23000.0, "coordinates": [49.81756574285714, 2.9234541000000003]}, {"id": 122, "demand": 174000.0, "coordinates": [41.0010145, -5.62699395]}, {"id": 136, "demand": 1000.0, "coordinates": [41.0520332, -0.1413105]}, {"id": 57, "demand": 13000.0, "coordinates": [38.6442, 0.05021]}, {"id": 512, "demand": 12000.0, "coordinates": [46.15144562, -1.1596699400000001]}, {"id": 939, "demand": 7000.0, "coordinates": [48.9476961, 13.311060300000001]}, {"id": 224, "demand": 15000.0, "coordinates": [42.8175506, -4.8536165]}, {"id": 1022, "demand": 8000.0, "coordinates": [49.691064999999995, 12.15107]}, {"id": 93, "demand": 54000.0, "coordinates": [40.0112774, -6.1100158]}, {"id": 563, "demand": 2000.0, "coordinates": [46.514279875, 4.06199915]}, {"id": 152, "demand": 190000.0, "coordinates": [41.541743689473684, 2.2944774105263157]}, {"id": 671, "demand": 46000.0, "coordinates": [47.311595999999994, 10.7064838]}, {"id": 560, "demand": 292000.0, "coordinates": [46.5335967, 3.0134463]}, {"id": 800, "demand": 12000.0, "coordinates": [48.308744374999996, -2.3096792749999997]}, {"id": 82, "demand": 7000.0, "coordinates": [38.651198332299494, -5.0537109375]}], "sites": [{"id": 27, "coordinates": [47.42808726171426, 0.791015625]}, {"id": 59, "coordinates": [53.14677033085083, 6.50390625]}, {"id": 4, "coordinates": [38.04809106745723, -1.142578125]}, {"id": 25, "coordinates": [48.86471476180277, 11.25579]}, {"id": 40, "coordinates": [40.99648401437788, 14.39208984375]}, {"id": 51, "coordinates": [51.26191485308451, 10.37109375]}, {"id": 60, "coordinates": [52.568, 8.8653]}, {"id": 58, "coordinates": [44.5578, 12.67543]}, {"id": 7, "coordinates": [41.31082388091818, -8.173828125]}, {"id": 48, "coordinates": [44.527842798455495, 8.94287109375]}, {"id": 22, "coordinates": [50.59718623058703, 4.74609375]}, {"id": 52, "coordinates": [51.33061163769853, 6.83349609375]}, {"id": 3, "coordinates": [41.73852846935915, -0.791015625]}, {"id": 9, "coordinates": [39.43619299931407, -5.888671875]}, {"id": 34, "coordinates": [48.80686346108517, 8.61328125]}, {"id": 19, "coordinates": [48.13676667969269, -1.7138671875]}, {"id": 31, "coordinates": [47.338822694822, 5.185546875]}, {"id": 20, "coordinates": [43.67581809328341, 1.494140625]}, {"id": 29, "coordinates": [50.95842672335992, 12.3046875]}, {"id": 2, "coordinates": [41.54147766679029, 2.04345703125]}, {"id": 39, "coordinates": [50.34546040860479, 2.96630859375]}, {"id": 54, "coordinates": [51.508742458803326, 13.88671875]}, {"id": 57, "coordinates": [45.87471224890478, 1.38427734375]}, {"id": 43, "coordinates": [46.980252355218816, 12.83203125]}, {"id": 53, "coordinates": [53.77468884583576, 13.798828125]}, {"id": 35, "coordinates": [47.27922900257082, 8.4375]}, {"id": 42, "coordinates": [49.76707407366791, 6.075439453125]}, {"id": 14, "coordinates": [43.8186748554532, 11.337890625]}, {"id": 50, "coordinates": [45.38301927899064, 11.00830078125]}, {"id": 11, "coordinates": [43.29320031385282, -8.0859375]}, {"id": 10, "coordinates": [42.13082130188811, -5.2294921875]}, {"id": 41, "coordinates": [53.5403073915002, 10.01953125]}, {"id": 26, "coordinates": [47.694974341862824, 14.58984375]}, {"id": 16, "coordinates": [40.413496049701955, 16.083984375]}, {"id": 37, "coordinates": [55.5634123, 12.28271484375]}, {"id": 1, "coordinates": [40.44694705960048, -3.6474609375]}, {"id": 12, "coordinates": [43.516688535029076, 5.8447265625]}, {"id": 5, "coordinates": [37.49229399862877, -5.95458984375]}, {"id": 15, "coordinates": [41.96765920367815, 13.0078125]}, {"id": 6, "coordinates": [43.21318330073886, -2.9443359375]}, {"id": 30, "coordinates": [44.96479793033101, -0.703125]}, {"id": 8, "coordinates": [38.85682013474362, -8.876953125]}, {"id": 55, "coordinates": [52.321910885947716, 4.8779296875]}, {"id": 56, "coordinates": [48.341646172374595, 16.3037109375]}], "siteSiteDistances": [[0, 753.84515342, 1054.80129295, 791.99116603, 1295.80352491, 813.53456927, 811.31495008, 970.80564374, 983.91883794, 707.17691889, 455.2555161, 615.77341915, 644.89855093, 1038.625905, 600.27376049, 203.05837121, 330.96426037, 420.80537143, 922.8462588, 662.03415638, 361.25019354, 1047.48647613, 178.56316005, 910.08372274, 1154.98364405, 576.02649077, 467.43625071, 912.09141477, 815.0463393, 831.31377374, 756.32274303, 941.01878811, 1034.43991716, 1448.20670936, 1201.57691707, 853.39048209, 586.64580143, 1234.48870407, 1138.66136856, 552.06835355, 297.0529149, 1232.39352811, 617.73720289, 1159.23314116], [753.84515342, 0, 1778.72617626, 580.45868296, 1475.10363974, 336.63273314, 171.09683612, 1055.47317676, 1713.8018669, 974.7109213, 308.09422281, 203.1905046, 1380.363167, 1791.77372612, 504.60909575, 802.89409223, 652.55379103, 1115.45804877, 465.12590051, 1332.82535296, 395.30149308, 533.44554638, 888.53802213, 820.39000693, 487.74007238, 666.72481974, 376.97437913, 1096.08733178, 922.62824468, 1533.4980144, 1503.592216, 237.42641742, 833.07317563, 1589.51027836, 460.66779327, 1606.14725326, 1071.91338852, 1988.18614144, 1334.08686556, 1305.50631249, 1049.27651354, 1975.06090681, 142.81458437, 871.04535214], [1054.80129295, 1778.72617626, 0, 1560.53216575, 1370.15409291, 1724.06949939, 1790.28297074, 1359.66831593, 702.29153988, 1107.21040529, 1470.74350603, 1603.61955244, 411.45193893, 439.54004887, 1429.83183743, 1122.76081971, 1154.35166685, 663.79961861, 1782.34879895, 474.24307313, 1405.52261521, 1902.05941059, 894.87793614, 1511.97500256, 2086.86045461, 1289.12690519, 1424.00513272, 1227.19723577, 1294.60301226, 825.90741443, 571.65506962, 1922.52894669, 1666.02602375, 1504.37053488, 2190.60283218, 343.0069177, 845.47857233, 427.40096261, 1279.69847295, 594.07545644, 769.97031716, 679.27092271, 1654.38753043, 1812.00498658], [791.99116603, 580.45868296, 1560.53216575, 0, 908.86335675, 273.92952712, 444.78893186, 490.96204069, 1734.19660728, 513.42186274, 505.76416707, 417.82216547, 1228.54772857, 1716.74158985, 193.50440263, 957.84016188, 481.46648473, 945.26870261, 244.61905653, 1086.55676264, 619.24486554, 348.55042274, 813.56367409, 240.20320692, 573.75786302, 273.69889516, 388.59107982, 561.13010801, 387.59934038, 1609.67877959, 1482.55083623, 526.96710054, 278.86982156, 1013.87778383, 748.11851021, 1500.67108113, 725.61951887, 1875.20258979, 778.95575621, 1260.5564321, 1005.05740365, 1950.86568434, 591.61407734, 375.63004736], [1295.80352491, 1475.10363974, 1370.15409291, 908.86335675, 0, 1182.30574511, 1352.75831074, 420.02854164, 1884.29602197, 593.12388437, 1301.05432607, 1286.51829346, 1268.06827376, 1726.83440497, 979.81861904, 1498.25548959, 1016.81407452, 1099.92331246, 1119.27729264, 1032.95186446, 1363.91449446, 1169.54934519, 1180.1142996, 676.93014052, 1421.56206846, 844.32800213, 1170.15614231, 401.63079885, 559.4843351, 1864.96311238, 1633.73631817, 1432.60259921, 745.00441817, 156.65522107, 1627.08060499, 1518.77741264, 756.75484024, 1790.54360284, 157.98092103, 1448.56926599, 1302.45523356, 1992.42394089, 1450.85202681, 830.54324565], [813.53456927, 336.63273314, 1724.06949939, 273.92952712, 1182.30574511, 0, 178.20076734, 764.88967195, 1795.52269288, 756.28829713, 400.98346206, 246.06234963, 1357.50253803, 1820.64735575, 300.4539285, 934.66468529, 575.61968461, 1073.92937376, 139.13591747, 1253.56808928, 529.99746775, 245.48004987, 891.08388474, 508.59283139, 363.04023786, 464.50026776, 346.16242677, 830.80681478, 655.3927267, 1643.38790022, 1558.42793869, 254.46540282, 500.0336578, 1283.92798617, 494.75116353, 1614.67154316, 925.7377966, 1997.69638906, 1052.7290245, 1342.24280507, 1077.88832695, 2035.10748509, 395.64335229, 535.19288951], [811.31495008, 171.09683612, 1790.28297074, 444.78893186, 1352.75831074, 178.20076734, 0, 933.44169765, 1791.5946529, 894.04401442, 359.11507598, 195.74670071, 1405.49244861, 1844.74031889, 418.59581566, 896.49822119, 638.07209661, 1128.69522647, 296.69364058, 1329.11163729, 477.40652936, 363.00677145, 920.4260542, 683.25557819, 355.06000909, 588.87924526, 367.14047587, 989.83702484, 814.00214844, 1623.53633849, 1567.55358042, 132.81200878, 677.85826012, 1458.36120921, 400.73034467, 1648.27769103, 1030.96528163, 2032.53935403, 1218.91848859, 1359.34850554, 1096.53280653, 2043.67880715, 271.59446183, 705.16870394], [970.80564374, 1055.47317676, 1359.66831593, 490.96204069, 420.02854164, 764.88967195, 933.44169765, 0, 1730.23205549, 295.80452893, 896.0703595, 869.12670186, 1135.05565714, 1631.91685682, 564.83971742, 1171.8203593, 656.07535206, 897.25033003, 712.25497259, 925.87023464, 971.78786641, 778.11036115, 895.68027911, 269.63834516, 1028.08706191, 446.02152428, 763.93314891, 134.6372584, 160.05669858, 1664.14378373, 1469.69763208, 1017.20234274, 378.72280775, 538.84353313, 1224.08577208, 1411.12681723, 557.98111984, 1743.63336316, 289.26496851, 1258.72144156, 1056.05484023, 1891.32158534, 1036.08422439, 504.14238738], [983.91883794, 1713.8018669, 702.29153988, 1734.19660728, 1884.29602197, 1795.52269288, 1791.5946529, 1730.23205549, 0, 1436.0015644, 1432.64422201, 1597.18318322, 616.25377619, 284.4511246, 1554.72126364, 913.9047352, 1253.83616802, 834.56781361, 1897.88166835, 851.75643651, 1321.59602911, 2023.69490147, 920.99820412, 1783.9635533, 2138.57418754, 1475.20084444, 1450.28586058, 1618.15011623, 1611.40549722, 220.54894407, 260.80579928, 1918.71106292, 1930.98827537, 2035.76319264, 2172.27822516, 392.43382714, 1175.17109681, 465.40702115, 1757.24321476, 479.40618398, 729.27011431, 279.34981773, 1571.56859284, 2071.43668293], [707.17691889, 974.7109213, 1107.21040529, 513.42186274, 593.12388437, 756.28829713, 894.04401442, 295.80452893, 1436.0015644, 0, 744.42872277, 772.49929531, 847.90509093, 1347.70445981, 476.46889616, 910.23186841, 426.6675831, 602.05555804, 757.73847838, 651.37675812, 787.17195612, 858.44568929, 610.59688223, 406.61422041, 1086.52119444, 308.42755246, 621.5041681, 206.63691622, 188.290125, 1368.51549639, 1175.2768269, 1005.17914912, 559.67108722, 742.72643197, 1249.68565631, 1126.13649849, 272.01626965, 1471.15840836, 435.14627825, 963.15213605, 762.87944429, 1604.07114216, 916.72393613, 705.19306241], [455.2555161, 308.09422281, 1470.74350603, 505.76416707, 1301.05432607, 400.98346206, 359.11507598, 896.0703595, 1432.64422201, 744.42872277, 0, 167.38515694, 1072.61507978, 1493.02163457, 341.94988524, 541.62679635, 363.72944547, 807.76589348, 532.73946757, 1028.12057355, 129.02754062, 646.454114, 581.00248581, 715.37065958, 710.38318495, 456.83616049, 132.20616471, 902.5593115, 743.3098853, 1265.18273019, 1211.12539501, 486.62312, 784.55427633, 1432.90192669, 746.40916017, 1302.48909579, 791.67817002, 1685.73765332, 1149.00520735, 1006.53529308, 746.54945967, 1686.35551615, 191.99818605, 870.95808894], [615.77341915, 203.1905046, 1603.61955244, 417.82216547, 1286.51829346, 246.06234963, 195.74670071, 869.12670186, 1597.18318322, 772.49929531, 167.38515694, 0, 1214.1041643, 1649.21944995, 308.01594114, 708.9240774, 459.61598352, 940.32224206, 383.81161731, 1148.09430914, 292.77522546, 489.29917937, 726.5934378, 650.95381882, 543.37225635, 465.23131734, 181.91832765, 900.61205508, 729.4474539, 1432.00166478, 1371.90632681, 327.07519038, 690.06815382, 1406.93061768, 592.71211915, 1453.75304861, 872.02576087, 1837.90795616, 1141.82389003, 1163.66656668, 901.06518174, 1848.16632563, 173.80505345, 755.37891874], [644.89855093, 1380.363167, 411.45193893, 1228.54772857, 1268.06827376, 1357.50253803, 1405.49244861, 1135.05565714, 616.25377619, 847.90509093, 1072.61507978, 1214.1041643, 0, 500.70605122, 1075.12237142, 715.13594447, 781.89977047, 285.05176342, 1431.67940758, 236.55038123, 999.67981634, 1555.55618857, 491.883699, 1227.53163739, 1719.55866948, 955.46519472, 1038.59799149, 1015.54800461, 1032.23269447, 622.14822194, 369.6846623, 1538.30398645, 1380.58477507, 1419.85999147, 1805.93436649, 279.12975038, 577.57832505, 646.71433888, 1141.9301867, 240.97243909, 358.81560341, 756.49951739, 1251.83391833, 1525.92948599], [1038.625905, 1791.77372612, 439.54004887, 1716.74158985, 1726.83440497, 1820.64735575, 1844.74031889, 1631.91685682, 284.4511246, 1347.70445981, 1493.02163457, 1649.21944995, 500.70605122, 0, 1552.68026433, 1023.45347225, 1251.85494448, 773.82849405, 1907.18516851, 710.14767479, 1397.0540906, 2032.6451378, 929.92601735, 1727.41760535, 2177.30123855, 1446.05860789, 1485.15367838, 1509.08187762, 1532.73671034, 466.38927438, 304.72306368, 1976.19073648, 1879.99157305, 1872.01703532, 2239.25418932, 221.66363661, 1076.3777602, 216.22816274, 1614.17002871, 486.57768101, 748.21916765, 265.61253244, 1653.56801757, 2024.89626441], [600.27376049, 504.60909575, 1429.83183743, 193.50440263, 979.81861904, 300.4539285, 418.59581566, 564.83971742, 1554.72126364, 476.46889616, 341.94988524, 308.01594114, 1075.12237142, 1552.68026433, 0, 764.36938345, 302.45633152, 790.07592825, 356.55730258, 957.23372422, 441.50090716, 480.831578, 634.42789487, 374.33250983, 659.2826662, 170.36721845, 212.77637651, 592.7208748, 421.62550997, 1423.08277416, 1306.91868484, 535.35913715, 459.32107909, 1103.66781203, 791.5671783, 1340.60817773, 625.580117, 1720.31748788, 833.97469134, 1086.04657723, 826.06524295, 1779.43209603, 471.42835908, 567.91542339], [203.05837121, 802.89409223, 1122.76081971, 957.84016188, 1498.25548959, 934.66468529, 896.49822119, 1171.8203593, 913.9047352, 910.23186841, 541.62679635, 708.9240774, 715.13594447, 1023.45347225, 764.36938345, 0, 523.33416515, 554.54719254, 1057.02207148, 790.68880963, 419.10507924, 1177.57684988, 344.11669467, 1097.3788529, 1250.6023494, 764.95717234, 596.64477983, 1115.09068337, 1014.9345269, 730.81231213, 722.32871195, 1017.67671633, 1213.75431764, 1650.9814444, 1263.2495193, 868.72991702, 778.39340217, 1232.61235012, 1341.30191947, 555.74144674, 361.06748921, 1181.40453185, 660.1257893, 1331.47387437], [330.96426037, 652.55379103, 1154.35166685, 481.46648473, 1016.81407452, 575.61968461, 638.07209661, 656.07535206, 1253.83616802, 426.6675831, 363.72944547, 459.61598352, 781.89977047, 1251.85494448, 302.45633152, 523.33416515, 0, 498.51682001, 655.3303013, 691.06400784, 371.64023815, 780.85201021, 332.85244043, 579.27509056, 938.00061277, 245.25318253, 277.83470956, 618.12510074, 496.76161129, 1129.15001631, 1004.691434, 769.44787542, 706.91838801, 1162.52859258, 1037.14357583, 1041.87431386, 428.0995948, 1423.61959645, 859.16268544, 783.62852515, 524.61893156, 1476.99125323, 554.53258187, 836.49475135], [420.80537143, 1115.45804877, 663.79961861, 945.26870261, 1099.92331246, 1073.92937376, 1128.69522647, 897.25033003, 834.56781361, 602.05555804, 807.76589348, 940.32224206, 285.05176342, 773.82849405, 790.07592825, 554.54719254, 498.51682001, 0, 1146.63320152, 241.54671848, 749.94198546, 1270.52174461, 244.65987625, 958.34782314, 1436.50267803, 673.08490096, 761.69684636, 790.41228711, 777.19124759, 773.64724308, 573.76321863, 1261.31254337, 1109.28923997, 1256.25988418, 1529.40588358, 555.74700022, 350.75605555, 931.11204468, 957.21559873, 361.95612637, 226.0346039, 1017.9114239, 993.53357653, 1253.19847979], [922.8462588, 465.12590051, 1782.34879895, 244.61905653, 1119.27729264, 139.13591747, 296.69364058, 712.25497259, 1897.88166835, 757.73847838, 532.73946757, 383.81161731, 1431.67940758, 1907.18516851, 356.55730258, 1057.02207148, 655.3303013, 1146.63320152, 0, 1308.48617695, 661.43275855, 126.00043494, 982.81983744, 444.02178989, 329.15700337, 496.41196402, 461.13203554, 797.214881, 627.33978239, 1754.1062281, 1654.96403721, 326.49056348, 398.83316367, 1208.31271307, 512.05381916, 1696.39872081, 959.65889922, 2076.70084995, 1001.16575438, 1435.75742244, 1173.04298742, 2129.85317729, 534.17836895, 409.21957833], [662.03415638, 1332.82535296, 474.24307313, 1086.55676264, 1032.95186446, 1253.56808928, 1329.11163729, 925.87023464, 851.75643651, 651.37675812, 1028.12057355, 1148.09430914, 236.55038123, 710.14767479, 957.23372422, 790.68880963, 691.06400784, 241.54671848, 1308.48617695, 0, 981.53517719, 1427.86760604, 484.73363582, 1049.12812797, 1615.67067153, 814.88715199, 966.47024374, 800.32614081, 839.49040828, 853.43923783, 605.90339409, 1460.21964709, 1203.59147101, 1184.01108278, 1727.52934172, 492.78137089, 381.07004273, 820.06965433, 910.12617671, 449.80518411, 440.81689977, 973.53152751, 1217.64790304, 1349.94223792], [361.25019354, 395.30149308, 1405.52261521, 619.24486554, 1363.91449446, 529.99746775, 477.40652936, 971.78786641, 1321.59602911, 787.17195612, 129.02754062, 292.77522546, 999.67981634, 1397.0540906, 441.50090716, 419.10507924, 371.64023815, 749.94198546, 661.43275855, 981.53517719, 0, 775.47334554, 510.78005864, 814.58837284, 831.7899864, 525.82516474, 231.07385036, 962.38627832, 814.26204579, 1147.6361395, 1108.33559447, 599.50463807, 896.23743872, 1502.09701836, 850.8307738, 1214.6118031, 789.99396648, 1595.17185915, 1208.58976149, 911.20398675, 658.20506974, 1580.52032171, 256.76056042, 990.1305057], [1047.48647613, 533.44554638, 1902.05941059, 348.55042274, 1169.54934519, 245.48004987, 363.00677145, 778.11036115, 2023.69490147, 858.44568929, 646.454114, 489.29917937, 1555.55618857, 2032.6451378, 480.831578, 1177.57684988, 780.85201021, 1270.52174461, 126.00043494, 1427.86760604, 775.47334554, 0, 1108.79607112, 509.31777659, 252.03181234, 613.41979693, 583.56870463, 875.9964355, 713.32197075, 1878.79783221, 1780.96424282, 345.57243942, 427.08301261, 1245.21909969, 463.11916336, 1821.34223912, 1073.08501729, 2201.10060781, 1063.01216202, 1561.72997987, 1299.04320785, 2255.82345545, 624.05450617, 392.31987862], [178.56316005, 888.53802213, 894.87793614, 813.56367409, 1180.1142996, 891.08388474, 920.4260542, 895.68027911, 920.99820412, 610.59688223, 581.00248581, 726.5934378, 491.883699, 929.92601735, 634.42789487, 344.11669467, 332.85244043, 244.65987625, 982.81983744, 484.73363582, 510.78005864, 1108.79607112, 0, 885.14972207, 1247.55342795, 561.03753248, 556.54702705, 816.70522217, 749.89146011, 802.43022293, 672.76370681, 1052.95862736, 1024.29434852, 1335.48665407, 1319.30344645, 728.23231824, 439.26482349, 1112.53759281, 1026.03032758, 452.93950089, 191.77018448, 1147.03588374, 760.4520131, 1159.91561985], [910.08372274, 820.39000693, 1511.97500256, 240.20320692, 676.93014052, 508.59283139, 683.25557819, 269.63834516, 1783.9635533, 406.61422041, 715.37065958, 650.95381882, 1227.53163739, 1727.41760535, 374.33250983, 1097.3788529, 579.27509056, 958.34782314, 444.02178989, 1049.12812797, 814.58837284, 509.31777659, 885.14972207, 0, 758.59253709, 334.06142592, 587.10806255, 370.38251104, 226.38690776, 1685.65325045, 1525.00691185, 756.19185696, 154.46557584, 775.3971265, 955.16177654, 1506.36376621, 668.56605031, 1864.51219948, 557.54974294, 1304.55988684, 1068.29344331, 1976.03235594, 824.11997262, 300.81563683], [1154.98364405, 487.74007238, 2086.86045461, 573.75786302, 1421.56206846, 363.04023786, 355.06000909, 1028.08706191, 2138.57418754, 1086.52119444, 710.38318495, 543.37225635, 1719.55866948, 2177.30123855, 659.2826662, 1250.6023494, 938.00061277, 1436.50267803, 329.15700337, 1615.67067153, 831.7899864, 252.03181234, 1247.55342795, 758.59253709, 0, 815.10452716, 692.87056347, 1121.45845024, 954.35894942, 1975.37374514, 1908.35626832, 250.36805008, 678.31073754, 1495.53185164, 221.49281027, 1974.05842305, 1279.76058182, 2357.7541498, 1314.18676773, 1695.42956803, 1431.02325018, 2385.36979693, 617.33341645, 628.87717221], [576.02649077, 666.72481974, 1289.12690519, 273.69889516, 844.32800213, 464.50026776, 588.87924526, 446.02152428, 1475.20084444, 308.42755246, 456.83616049, 465.23131734, 955.46519472, 1446.05860789, 170.36721845, 764.95717234, 245.25318253, 673.08490096, 496.41196402, 814.88715199, 525.82516474, 613.41979693, 561.03753248, 334.06142592, 815.10452716, 0, 326.74651953, 446.10381236, 288.78883913, 1363.40335329, 1220.05452775, 705.12159466, 464.47272281, 978.2051095, 958.59352282, 1228.82180483, 464.71168328, 1601.95905999, 692.2857705, 997.86864709, 749.46577734, 1683.85895091, 615.99004307, 598.8995451], [467.43625071, 376.97437913, 1424.00513272, 388.59107982, 1170.15614231, 346.16242677, 367.14047587, 763.93314891, 1450.28586058, 621.5041681, 132.20616471, 181.91832765, 1038.59799149, 1485.15367838, 212.77637651, 596.64477983, 277.83470956, 761.69684636, 461.13203554, 966.47024374, 231.07385036, 583.56870463, 556.54702705, 587.10806255, 692.87056347, 326.74651953, 0, 772.84948235, 611.73283214, 1297.39939369, 1216.09100138, 499.89502545, 665.16649057, 1301.06323563, 767.85840637, 1284.67866457, 695.23429359, 1668.94356762, 1018.91882079, 1002.56203595, 738.1858309, 1693.12550067, 296.15288615, 761.36308956], [912.09141477, 1096.08733178, 1227.19723577, 561.13010801, 401.63079885, 830.80681478, 989.83702484, 134.6372584, 1618.15011623, 206.63691622, 902.5593115, 900.61205508, 1015.54800461, 1509.08187762, 592.7208748, 1115.09068337, 618.12510074, 790.41228711, 797.214881, 800.32614081, 962.38627832, 875.9964355, 816.70522217, 370.38251104, 1121.45845024, 446.10381236, 772.84948235, 0, 175.89330691, 1562.73045478, 1358.52175585, 1085.27169318, 499.32335541, 544.44767617, 1307.69222735, 1289.22428523, 443.02735659, 1615.22714472, 246.70555578, 1152.20389859, 964.27743345, 1770.28063378, 1059.36930292, 631.87988182], [815.0463393, 922.62824468, 1294.60301226, 387.59934038, 559.4843351, 655.3927267, 814.00214844, 160.05669858, 1611.40549722, 188.290125, 743.3098853, 729.4474539, 1032.23269447, 1532.73671034, 421.62550997, 1014.9345269, 496.76161129, 777.19124759, 627.33978239, 839.49040828, 814.26204579, 713.32197075, 749.89146011, 226.38690776, 954.35894942, 288.78883913, 611.73283214, 175.89330691, 0, 1532.50663497, 1350.68062741, 909.8366324, 375.60010079, 689.82459462, 1135.54552986, 1311.07382935, 459.29427496, 1659.02193152, 412.3777748, 1134.75675522, 918.39718919, 1787.25670064, 891.73137925, 519.7166847], [831.31377374, 1533.4980144, 825.90741443, 1609.67877959, 1864.96311238, 1643.38790022, 1623.53633849, 1664.14378373, 220.54894407, 1368.51549639, 1265.18273019, 1432.00166478, 622.14822194, 466.38927438, 1423.08277416, 730.81231213, 1129.15001631, 773.64724308, 1754.1062281, 853.43923783, 1147.6361395, 1878.79783221, 802.43022293, 1685.65325045, 1975.37374514, 1363.40335329, 1297.39939369, 1562.73045478, 1532.50663497, 0, 266.75895482, 1747.13833809, 1826.58639868, 2020.0085621, 1994.00201232, 484.88099902, 1124.34733973, 669.7440678, 1727.35158043, 416.43232117, 617.60033003, 497.7326565, 1390.68760468, 1962.18409671], [756.32274303, 1503.592216, 571.65506962, 1482.55083623, 1633.73631817, 1558.42793869, 1567.55358042, 1469.69763208, 260.80579928, 1175.2768269, 1211.12539501, 1371.90632681, 369.6846623, 304.72306368, 1306.91868484, 722.32871195, 1004.691434, 573.76321863, 1654.96403721, 605.90339409, 1108.33559447, 1780.96424282, 672.76370681, 1525.00691185, 1908.35626832, 1220.05452775, 1216.09100138, 1358.52175585, 1350.68062741, 266.75895482, 0, 1697.31056799, 1672.96179435, 1786.73308448, 1956.69147807, 229.18397368, 915.50022924, 519.48034578, 1503.09734019, 222.22184397, 481.92105248, 477.04265267, 1363.42655293, 1814.28681148], [941.01878811, 237.42641742, 1922.52894669, 526.96710054, 1432.60259921, 254.46540282, 132.81200878, 1017.20234274, 1918.71106292, 1005.17914912, 486.62312, 327.07519038, 1538.30398645, 1976.19073648, 535.35913715, 1017.67671633, 769.44787542, 1261.31254337, 326.49056348, 1460.21964709, 599.50463807, 345.57243942, 1052.95862736, 756.19185696, 250.36805008, 705.12159466, 499.89502545, 1085.27169318, 909.8366324, 1747.13833809, 1697.31056799, 0, 725.19720117, 1529.04959563, 268.12553634, 1780.60666104, 1155.68198342, 2164.82288111, 1305.7646743, 1490.4152542, 1228.09511391, 2172.89643462, 370.18671236, 726.06864649], [1034.43991716, 833.07317563, 1666.02602375, 278.86982156, 745.00441817, 500.0336578, 677.85826012, 378.72280775, 1930.98827537, 559.67108722, 784.55427633, 690.06815382, 1380.58477507, 1879.99157305, 459.32107909, 1213.75431764, 706.91838801, 1109.28923997, 398.83316367, 1203.59147101, 896.23743872, 427.08301261, 1024.29434852, 154.46557584, 678.31073754, 464.47272281, 665.16649057, 499.32335541, 375.60010079, 1826.58639868, 1672.96179435, 725.19720117, 0, 818.37652776, 889.17495502, 1659.18851366, 823.01173438, 2018.6388674, 648.91376072, 1451.75097868, 1210.58302311, 2127.19983309, 862.7471922, 146.3507916], [1448.20670936, 1589.51027836, 1504.37053488, 1013.87778383, 156.65522107, 1283.92798617, 1458.36120921, 538.84353313, 2035.76319264, 742.72643197, 1432.90192669, 1406.93061768, 1419.85999147, 1872.01703532, 1103.66781203, 1650.9814444, 1162.52859258, 1256.25988418, 1208.31271307, 1184.01108278, 1502.09701836, 1245.21909969, 1335.48665407, 775.3971265, 1495.53185164, 978.2051095, 1301.06323563, 544.44767617, 689.82459462, 2020.0085621, 1786.73308448, 1529.04959563, 818.37652776, 0, 1707.5349833, 1666.60627519, 913.40118004, 1927.99125162, 310.00303896, 1603.72302794, 1459.09199238, 2137.3685718, 1574.78996215, 881.74316498], [1201.57691707, 460.66779327, 2190.60283218, 748.11851021, 1627.08060499, 494.75116353, 400.73034467, 1224.08577208, 2172.27822516, 1249.68565631, 746.40916017, 592.71211915, 1805.93436649, 2239.25418932, 791.5671783, 1263.2495193, 1037.14357583, 1529.40588358, 512.05381916, 1727.52934172, 850.8307738, 463.11916336, 1319.30344645, 955.16177654, 221.49281027, 958.59352282, 767.85840637, 1307.69222735, 1135.54552986, 1994.00201232, 1956.69147807, 268.12553634, 889.17495502, 1707.5349833, 0, 2046.08752629, 1416.31196604, 2430.07780977, 1512.6931112, 1752.86839381, 1491.90001079, 2430.6703036, 603.45344309, 848.62900354], [853.39048209, 1606.14725326, 343.0069177, 1500.67108113, 1518.77741264, 1614.67154316, 1648.27769103, 1411.12681723, 392.43382714, 1126.13649849, 1302.48909579, 1453.75304861, 279.12975038, 221.66363661, 1340.60817773, 868.72991702, 1041.87431386, 555.74700022, 1696.39872081, 492.78137089, 1214.6118031, 1821.34223912, 728.23231824, 1506.36376621, 1974.05842305, 1228.82180483, 1284.67866457, 1289.22428523, 1311.07382935, 484.88099902, 229.18397368, 1780.60666104, 1659.18851366, 1666.60627519, 2046.08752629, 0, 854.97231175, 384.31073389, 1401.27183915, 313.05648816, 556.89947879, 481.26294378, 1471.10953823, 1804.3183329], [586.64580143, 1071.91338852, 845.47857233, 725.61951887, 756.75484024, 925.7377966, 1030.96528163, 557.98111984, 1175.17109681, 272.01626965, 791.67817002, 872.02576087, 577.57832505, 1076.3777602, 625.580117, 778.39340217, 428.0995948, 350.75605555, 959.65889922, 381.07004273, 789.99396648, 1073.08501729, 439.26482349, 668.56605031, 1279.76058182, 464.71168328, 695.23429359, 443.02735659, 459.29427496, 1124.34733973, 915.50022924, 1155.68198342, 823.01173438, 913.40118004, 1416.31196604, 854.97231175, 0, 1199.81141471, 609.5642946, 710.96219322, 545.71888365, 1334.07672332, 981.72012863, 969.34035577], [1234.48870407, 1988.18614144, 427.40096261, 1875.20258979, 1790.54360284, 1997.69638906, 2032.53935403, 1743.63336316, 465.40702115, 1471.15840836, 1685.73765332, 1837.90795616, 646.71433888, 216.22816274, 1720.31748788, 1232.61235012, 1423.61959645, 931.11204468, 2076.70084995, 820.06965433, 1595.17185915, 2201.10060781, 1112.53759281, 1864.51219948, 2357.7541498, 1601.95905999, 1668.94356762, 1615.22714472, 1659.02193152, 669.7440678, 519.48034578, 2164.82288111, 2018.6388674, 1927.99125162, 2430.07780977, 384.31073389, 1199.81141471, 0, 1692.11305724, 685.24324254, 939.31506746, 297.0938774, 1851.9191176, 2164.74884141], [1138.66136856, 1334.08686556, 1279.69847295, 778.95575621, 157.98092103, 1052.7290245, 1218.91848859, 289.26496851, 1757.24321476, 435.14627825, 1149.00520735, 1141.82389003, 1141.9301867, 1614.17002871, 833.97469134, 1341.30191947, 859.16268544, 957.21559873, 1001.16575438, 910.12617671, 1208.58976149, 1063.01216202, 1026.03032758, 557.54974294, 1314.18676773, 692.2857705, 1018.91882079, 246.70555578, 412.3777748, 1727.35158043, 1503.09734019, 1305.7646743, 648.91376072, 310.00303896, 1512.6931112, 1401.27183915, 609.5642946, 1692.11305724, 0, 1311.19491151, 1153.96801109, 1879.46111086, 1303.33078023, 754.21605874], [552.06835355, 1305.50631249, 594.07545644, 1260.5564321, 1448.56926599, 1342.24280507, 1359.34850554, 1258.72144156, 479.40618398, 963.15213605, 1006.53529308, 1163.66656668, 240.97243909, 486.57768101, 1086.04657723, 555.7414