{"parameters": {"buildingCosts": {"productionCenter": 800000.0, "automationPenalty": 1200000.0, "distributionCenter": 60000.0}, "productionCosts": {"productionCenter": 18.0, "automationBonus": 3.4, "distributionCenter": 2.0}, "routingCosts": {"primary": 0.0075, "secondary": 0.11}, "capacityCost": 1000.0, "capacities": {"productionCenter": 1250000, "automationBonus": 1250000}}, "clients": [{"id": 247, "demand": 59266.0, "coordinates": [55.28233100333333, 33.077360666666664]}, {"id": 201, "demand": 100528.0, "coordinates": [52.06758284388889, 32.14294020777777]}, {"id": 108, "demand": 123981.0, "coordinates": [53.21240197037037, 30.084055059259263]}, {"id": 119, "demand": 48653.0, "coordinates": [51.65589280666667, 30.661211056666666]}, {"id": 241, "demand": 34197.0, "coordinates": [52.79258187, 33.016082139999995]}, {"id": 30, "demand": 132224.0, "coordinates": [49.03038528080808, 28.580804838888888]}, {"id": 316, "demand": 30573.0, "coordinates": [54.24609, 29.511257999999998]}, {"id": 154, "demand": 288952.0, "coordinates": [49.53835912602941, 31.36279700279411]}, {"id": 189, "demand": 132196.0, "coordinates": [55.26577681612903, 31.784857904301077]}, {"id": 37, "demand": 85831.0, "coordinates": [51.9127700093599, 28.48305714039855]}, {"id": 270, "demand": 108185.0, "coordinates": [50.05308006862745, 33.808520786928106]}, {"id": 111, "demand": 90706.0, "coordinates": [48.40816085421053, 30.462629648345867]}, {"id": 198, "demand": 58350.0, "coordinates": [50.86750197710982, 32.19441623486318]}, {"id": 49, "demand": 167951.0, "coordinates": [50.399977568162804, 28.916300790012336]}, {"id": 312, "demand": 1025.0, "coordinates": [47.62539703933992, 28.397119195275828]}, {"id": 42, "demand": 28713.0, "coordinates": [54.027969999999996, 28.514650000000003]}, {"id": 299, "demand": 14629.0, "coordinates": [52.199347700000004, 34.4368779]}, {"id": 99, "demand": 97634.0, "coordinates": [49.56566441489579, 30.12958024019043]}, {"id": 192, "demand": 104664.0, "coordinates": [48.358411263383836, 32.16202635530303]}, {"id": 206, "demand": 81603.0, "coordinates": [54.16379820625541, 32.188627082857145]}, {"id": 300, "demand": 29492.0, "coordinates": [54.5423166, 34.492540625000004]}, {"id": 279, "demand": 19566.0, "coordinates": [53.73879310555556, 33.793842921111114]}, {"id": 5, "demand": 22087.0, "coordinates": [50.464608945277774, 27.73733068305556]}, {"id": 256, "demand": 63731.0, "coordinates": [51.140646416889446, 33.42573576254603]}, {"id": 60, "demand": 42849.0, "coordinates": [47.54683665, 29.436153966666666]}, {"id": 251, "demand": 35265.0, "coordinates": [49.06708482037358, 33.374187130023756]}, {"id": 148, "demand": 75609.0, "coordinates": [47.18559348, 31.265904399999997]}, {"id": 143, "demand": 62156.0, "coordinates": [54.07233772034188, 30.835290259316245]}, {"id": 150, "demand": 104343.0, "coordinates": [47.91871684908409, 31.375501800018313]}, {"id": 185, "demand": 66870.0, "coordinates": [53.19473183509615, 31.830075064423077]}, {"id": 11, "demand": 1725.0, "coordinates": [52.8276344625, 27.757983816666666]}, {"id": 87, "demand": 6735.0, "coordinates": [51.60905635777778, 29.62433863444445]}, {"id": 65, "demand": 113379.0, "coordinates": [49.54553819202368, 29.373136368793112]}, {"id": 151, "demand": 64487.0, "coordinates": [48.38504533364841, 31.39059466171569]}, {"id": 303, "demand": 17.0, "coordinates": [55.28025991911534, 30.490097982618437]}, {"id": 298, "demand": 138.0, "coordinates": [50.87139395, 34.60370013333333]}], "sites": [{"id": 1, "coordinates": [49.412890000000004, 29.524189999999997]}, {"id": 2, "coordinates": [47.878659999968, 31.48511]}, {"id": 3, "coordinates": [53.3625637, 31.18958]}, {"id": 4, "coordinates": [51.0792, 33.38938]}, {"id": 5, "coordinates": [50.17862, 28.879420000000003]}, {"id": 6, "coordinates": [54.06807, 27.73135]}, {"id": 7, "coordinates": [47.69843, 31.33233]}, {"id": 8, "coordinates": [51.7932987, 29.974183]}, {"id": 9, "coordinates": [52.24783999, 28.213859999999997]}, {"id": 10, "coordinates": [50.563454699, 31.2922096]}, {"id": 11, "coordinates": [48.750685299989996, 33.0294552]}, {"id": 12, "coordinates": [48.6068854999, 32.110978]}, {"id": 13, "coordinates": [49.74226999, 31.69128]}, {"id": 14, "coordinates": [50.68881999, 32.43457]}, {"id": 15, "coordinates": [54.0789446, 32.7149011]}, {"id": 16, "coordinates": [54.83763, 31.180706899999997]}, {"id": 17, "coordinates": [48.988, 30.81892999]}, {"id": 18, "coordinates": [49.33424999, 29.012079999999997]}, {"id": 19, "coordinates": [49.21541999, 28.290059999999997]}, {"id": 20, "coordinates": [53.14758, 29.017539999999997]}], "siteSiteDistances": [[0, 223.27436814, 454.1000949, 331.40072419, 96.90938368, 532.10263657, 232.47759762, 266.58662581, 328.37624687, 179.83685919, 265.6691923, 208.85990198, 160.47793118, 251.58413486, 563.28386791, 613.66625316, 105.26699414, 38.09479941, 92.11532644, 416.7686377], [223.27436814, 0, 610.13794768, 381.5165637, 318.54161453, 736.44627271, 23.06311444, 448.54662978, 538.89520912, 298.86419884, 149.80939696, 93.30011289, 207.77325708, 319.96748433, 694.76706028, 774.08982335, 132.78259825, 243.40811752, 278.19011405, 611.20949839], [454.1000949, 610.13794768, 0, 294.78865397, 388.03549942, 240.68084068, 629.90426163, 192.84777144, 235.29162015, 311.32647616, 528.64701864, 532.71434674, 404.04773704, 309.25621581, 128.12664766, 164.02113552, 487.1138799, 472.71014225, 503.19215971, 146.4484451], [331.40072419, 381.5165637, 294.78865397, 0, 333.43814512, 506.33417041, 404.2934281, 249.66571889, 379.77852813, 158.0803623, 260.19783177, 289.77877388, 191.24664029, 79.81670859, 336.65152745, 443.27507725, 296.23378527, 366.91160211, 418.16678776, 376.74035958], [96.90938368, 318.54161453, 388.03549942, 333.43814512, 0, 439.51633034, 328.82926049, 195.20840523, 234.70824098, 176.37954287, 339.28189045, 291.92127886, 206.89780992, 258.08803461, 506.42522612, 540.88727025, 192.54464237, 94.37214313, 115.18549106, 330.2709889], [532.10263657, 736.44627271, 240.68084068, 506.33417041, 439.51633034, 0, 751.72494221, 294.20852796, 204.94002606, 458.61557086, 695.71250577, 678.89378919, 552.21894285, 492.84499306, 325.07865543, 238.81015859, 603.76409852, 533.70152203, 540.96162718, 132.94850353], [232.47759762, 23.06311444, 629.90426163, 404.2934281, 328.82926049, 751.72494221, 0, 465.64618891, 552.71908228, 318.59001084, 171.73719806, 116.36314838, 228.78458785, 342.0164534, 716.0415802, 793.91348678, 148.32821762, 249.56200369, 280.64835553, 627.62912296], [266.58662581, 448.54662978, 192.84777144, 249.66571889, 195.20840523, 294.20852796, 465.64618891, 0, 130.62355578, 164.74403088, 401.92734808, 385.53369632, 258.04391805, 210.73745457, 313.52619011, 347.85924546, 317.6258139, 281.74523322, 310.38551416, 163.93581417], [328.37624687, 538.89520912, 235.29162015, 379.77852813, 234.70824098, 204.94002606, 552.71908228, 130.62355578, 0, 283.98492068, 516.71472903, 489.86023211, 369.84532155, 339.81505579, 362.51450152, 348.29423753, 406.34605725, 328.79387219, 337.23277794, 113.76260253], [179.83685919, 298.86419884, 311.32647616, 158.0803623, 176.37954287, 458.61557086, 318.59001084, 164.74403088, 283.98492068, 0, 237.19539595, 225.4215546, 95.63560573, 81.77776067, 402.66461236, 475.32647891, 178.44781832, 212.81628164, 262.11967161, 327.02401429], [265.6691923, 149.80939696, 528.64701864, 260.19783177, 339.28189045, 695.71250577, 171.73719806, 401.92734808, 516.71472903, 237.19539595, 0, 69.30379504, 146.9394709, 219.71136425, 592.87601883, 688.6115417, 163.8147058, 299.88381485, 349.63813042, 563.72912982], [208.85990198, 93.30011289, 532.71434674, 289.77877388, 291.92127886, 678.89378919, 116.36314838, 385.53369632, 489.86023211, 225.4215546, 69.30379504, 0, 129.88279894, 232.66956365, 609.904035, 695.76818942, 103.69154537, 240.20267547, 287.28171983, 549.44618161], [160.47793118, 207.77325708, 404.04773704, 191.24664029, 206.89780992, 552.21894285, 228.78458785, 258.04391805, 369.84532155, 95.63560573, 146.9394709, 129.88279894, 0, 117.79089618, 487.28779488, 567.63795168, 104.99784789, 198.56858809, 252.58896707, 421.48970277], [251.58413486, 319.96748433, 309.25621581, 79.81670859, 258.08803461, 492.84499306, 342.0164534, 210.73745457, 339.81505579, 81.77776067, 219.71136425, 232.66956365, 117.79089618, 0, 377.44416297, 468.95746752, 221.78037944, 287.18091058, 338.7032079, 360.01368782], [563.28386791, 694.76706028, 128.12664766, 336.65152745, 506.42522612, 325.07865543, 716.0415802, 313.52619011, 362.51450152, 402.66461236, 592.87601883, 609.904035, 487.28779488, 377.44416297, 0, 130.19017893, 581.02342035, 585.84798259, 620.74140097, 264.93026449], [613.66625316, 774.08982335, 164.02113552, 443.27507725, 540.88727025, 238.81015859, 793.91348678, 347.85924546, 348.29423753, 475.32647891, 688.6115417, 695.76818942, 567.63795168, 468.95746752, 130.19017893, 0, 650.92083421, 629.55168985, 655.55340372, 235.16089292], [105.26699414, 132.78259825, 487.1138799, 296.23378527, 192.54464237, 603.76409852, 148.32821762, 317.6258139, 406.34605725, 178.44781832, 163.8147058, 103.69154537, 104.99784789, 221.78037944, 581.02342035, 650.92083421, 0, 136.90491541, 185.82495473, 479.30499442], [38.09479941, 243.40811752, 472.71014225, 366.91160211, 94.37214313, 533.70152203, 249.56200369, 281.74523322, 328.79387219, 212.81628164, 299.88381485, 240.20267547, 198.56858809, 287.18091058, 585.84798259, 629.55168985, 136.90491541, 0, 54.02112643, 424.02370642], [92.11532644, 278.19011405, 503.19215971, 418.16678776, 115.18549106, 540.96162718, 280.64835553, 310.38551416, 337.23277794, 262.11967161, 349.63813042, 287.28171983, 252.58896707, 338.7032079, 620.74140097, 655.55340372, 185.82495473, 54.02112643, 0, 440.16090662], [416.7686377, 611.20949839, 146.4484451, 376.74035958, 330.2709889, 132.94850353, 627.62912296, 163.93581417, 113.76260253, 327.02401429, 563.72912982, 549.44618161, 421.48970277, 360.01368782, 264.93026449, 235.16089292, 479.30499442, 424.02370642, 440.16090662, 0]], "siteClientDistances": [[695.61977458, 347.93334788, 424.27158975, 262.02892769, 447.84579935, 80.64119832, 537.42879397, 133.56911948, 668.59510477, 287.48944061, 315.99181059, 131.08959519, 249.7205902, 118.07620424, 215.39209583, 517.849983, 463.67944121, 46.91177089, 225.69737825, 559.05902247, 663.79054574, 564.06912736, 173.28006756, 337.23912433, 207.59735128, 282.10414185, 279.15222411, 525.88786243, 214.66869179, 449.97800791, 399.17995491, 244.30548792, 18.34806276, 177.96787694, 655.69612275, 396.54144908], [830.51220959, 468.15178846, 601.25948764, 424.14965346, 557.06825974, 249.52286795, 721.26172297, 184.76840413, 821.67014136, 497.34533608, 295.31023929, 96.03028876, 336.28443626, 336.88271597, 232.5564169, 714.5650636, 524.54180221, 212.30333626, 73.28517761, 700.59696303, 769.82676848, 671.41189653, 396.02726301, 388.80282253, 157.6700769, 191.96965621, 78.80309173, 690.19948771, 9.30640949, 591.62162304, 610.33513143, 435.77973726, 241.57061727, 56.74275613, 825.86537234, 402.06152014], [246.06180781, 157.66265675, 75.359159, 193.11144741, 137.48173837, 514.7846616, 147.63305319, 425.40175018, 215.1194107, 243.57520345, 409.79414708, 553.2523106, 285.7890242, 364.46506036, 667.69105474, 191.00383221, 253.79703732, 428.52151665, 560.59288859, 110.67657149, 252.78276023, 177.04561262, 399.78376794, 290.16204047, 658.4322262, 501.22571528, 686.87000529, 82.2942407, 605.47037099, 46.49361926, 236.70079702, 221.91279234, 442.66406959, 553.65462024, 218.00720141, 361.95790514], [467.82845502, 139.63395236, 327.24454342, 199.94046622, 192.23005176, 411.88490411, 438.50350402, 223.73985407, 477.61828886, 351.99060015, 117.87683066, 363.8580334, 86.91561452, 323.64547959, 527.25816943, 464.69598866, 144.00773029, 286.1074554, 315.13083056, 352.42550869, 392.14132905, 297.00214534, 403.1833587, 7.28870857, 486.05669862, 223.7399346, 459.63811833, 374.85174679, 380.2974711, 258.1735793, 431.9587654, 268.03034388, 332.22061055, 332.20884296, 505.40591417, 88.10304676], [633.73412489, 309.77520592, 347.39516149, 206.34777202, 407.95000835, 129.47838382, 454.32164456, 191.71688307, 598.42116469, 194.80879826, 351.66988604, 227.8878293, 246.5265255, 24.75293666, 286.08441744, 428.75162058, 447.5910446, 112.56853462, 312.50447143, 497.1561542, 616.6268094, 519.47511729, 87.09517996, 337.78245428, 295.45916128, 346.49527917, 376.06138438, 453.03644351, 310.18464448, 392.16252101, 304.60269846, 167.41619512, 78.79008833, 270.07012223, 577.51042376, 411.81221193], [369.16686235, 369.15941582, 181.94068998, 332.5490003, 377.63208206, 563.22533111, 117.56832921, 561.99633092, 292.65936365, 244.87951199, 609.43509411, 657.32123398, 466.78346535, 415.76350553, 717.90794221, 51.33026143, 492.97899295, 527.00762259, 705.58650018, 290.65712966, 441.64061361, 398.71611706, 400.68734738, 503.54792818, 734.89875815, 678.75950137, 804.62553166, 202.51192935, 729.54660661, 287.12107821, 137.94160274, 301.52078593, 515.35809768, 681.13372584, 222.75153388, 585.27767363], [851.83093627, 489.27879625, 619.43609203, 442.68658848, 578.91607161, 251.48109434, 739.08171609, 204.60331903, 842.03016738, 511.18027479, 318.30861259, 102.01214329, 357.88330567, 348.15384786, 219.95567903, 730.91429728, 547.43300683, 225.65002189, 95.8754533, 721.40266748, 792.11678705, 693.54184807, 403.83561297, 411.57765016, 143.1045771, 214.22590824, 57.24328591, 709.59942586, 24.70608001, 612.17292567, 624.18094957, 451.8572957, 250.82382789, 76.47101861, 845.05961836, 425.08928738], [438.72108271, 151.78982837, 157.9723986, 49.72693801, 234.80311, 322.68231391, 274.48871841, 269.14880381, 404.20778911, 103.27120608, 331.10261588, 378.01698304, 185.43988701, 171.63663725, 477.09104806, 267.04980951, 308.80149772, 247.94368416, 412.57245139, 302.38830311, 428.96568506, 335.83863351, 214.9078749, 249.83453523, 473.7667347, 387.07413404, 520.75705001, 259.90143748, 442.36850352, 200.16171158, 189.53082116, 31.63809183, 253.50136572, 392.20077578, 389.22599191, 337.5067418], [464.58617581, 268.74545454, 165.40634724, 180.16401872, 330.45071927, 358.69841152, 238.36423132, 373.48662497, 409.42571274, 41.55197246, 460.06398209, 455.7612016, 315.03427728, 211.18844883, 514.15974956, 198.95547671, 423.79149488, 327.06906115, 515.26105609, 339.71145469, 488.00075902, 408.4615096, 201.02725484, 379.63764932, 529.98801724, 507.12783544, 604.01350553, 267.73831297, 531.48610173, 265.29765549, 71.46327383, 119.9910506, 311.27668634, 485.03231881, 368.84319557, 467.30327124], [538.14223662, 177.39174929, 305.98570972, 129.21312354, 274.87345394, 258.68687298, 426.90524538, 114.09693362, 523.91380468, 246.4604557, 187.4811172, 247.03218112, 71.95663167, 169.08265095, 388.73243885, 428.97180256, 284.06423057, 138.54804511, 253.11562126, 404.93204487, 492.38101234, 392.11089946, 251.57353178, 162.93815566, 361.64348346, 223.5880832, 375.606469, 391.40232913, 294.14394012, 294.90296763, 350.23649889, 164.57936065, 177.70603289, 242.33262616, 527.22520678, 235.61812606], [726.29421941, 374.12682032, 537.14643458, 364.32575875, 449.43999501, 326.67996154, 657.59863629, 149.55358737, 729.40566688, 477.06709133, 155.40277723, 192.62022979, 242.88250461, 348.62175039, 365.41874529, 664.87475856, 396.17645674, 229.50223226, 77.32059792, 604.71222789, 651.82619055, 557.19014978, 426.16754095, 267.25930454, 298.26313861, 43.27267531, 217.98981098, 610.91633113, 153.31012683, 501.22136267, 585.19194099, 399.66998139, 280.20421896, 127.25598951, 746.43223893, 261.45649328], [745.20664624, 384.81919394, 531.40609163, 354.41443364, 469.7633239, 262.69373205, 652.32545765, 117.03760952, 740.77117803, 448.92043363, 202.45380475, 123.42398014, 251.44089106, 304.86181565, 296.47874256, 652.34647541, 432.08260665, 179.39623787, 27.88412499, 617.92474364, 680.09792353, 582.53374686, 377.10814083, 297.0652623, 231.02945424, 105.66788408, 170.13310734, 614.13015897, 93.91119531, 510.52499966, 560.29207182, 377.94984271, 225.06422465, 58.53342914, 750.2625315, 308.97884476], [623.09398737, 260.49428439, 401.56755993, 224.80678075, 351.46366233, 238.6337597, 522.50592628, 32.76563551, 614.21928847, 330.12774013, 155.53361703, 173.24568654, 130.12187765, 211.10332477, 337.4135986, 523.92353766, 334.02224265, 114.12357628, 157.65522851, 492.8287125, 566.82459154, 467.32591479, 293.1737522, 198.14114029, 295.00495522, 143.04774998, 286.01333825, 485.03979533, 204.08279082, 384.01692964, 438.64567795, 253.55481284, 168.3333465, 152.49806727, 621.11394857, 241.93111872], [512.57898392, 154.64162707, 323.51969227, 163.84728575, 237.32764681, 332.07952102, 442.26020603, 149.01137347, 510.78460427, 306.52723632, 120.38109202, 290.75073155, 26.07450271, 250.6504128, 449.57076147, 456.71045291, 217.85643324, 206.37140881, 259.87511866, 386.75949393, 450.40198794, 351.54130511, 332.56924621, 85.74561905, 411.84314924, 192.4841099, 398.77053577, 391.55018176, 317.43950654, 281.70631139, 400.07646524, 221.10021098, 252.57311224, 267.00840377, 526.82310823, 153.84771981], [135.8237173, 226.89193915, 198.36318652, 302.61791089, 144.42148159, 629.68978083, 209.37623951, 513.3509606, 144.88346729, 371.68022558, 453.84034119, 649.67242575, 358.82981534, 483.83587968, 778.63024441, 274.1891257, 238.46745741, 532.28983435, 637.25411501, 35.57040131, 126.2985312, 80.15624542, 525.31324821, 330.22623975, 761.77950797, 559.14676597, 773.24507644, 122.62442249, 691.33570909, 114.32094409, 356.39317541, 344.18197777, 553.81861028, 639.78162041, 195.68681904, 378.87673054], [130.51009933, 314.52820671, 194.39037233, 355.47522578, 257.32726755, 669.76477078, 126.18236397, 589.38302596, 61.21552979, 371.14623402, 560.93499047, 716.6314477, 446.66248482, 516.50986098, 824.87971155, 194.50420352, 363.79117134, 590.5587153, 723.61908517, 99.24327097, 215.35113895, 209.01301556, 538.73177943, 437.6331996, 819.69610855, 658.94236352, 850.88951774, 87.97708478, 769.46706253, 187.54163343, 316.78978924, 373.62918654, 601.16129995, 717.64113564, 66.00551453, 497.17818471], [716.57045124, 354.97728179, 472.52003267, 296.86759461, 450.19220389, 163.30438558, 591.57541898, 72.81857896, 701.14669628, 364.81032304, 246.1390333, 69.57604356, 231.01297906, 208.26328606, 234.58542493, 582.58609106, 438.89192278, 81.40420404, 120.93945656, 583.22455299, 667.12166136, 567.07858841, 275.68786698, 303.13790402, 190.13860712, 186.50283617, 203.14902135, 565.3544692, 125.78357456, 473.05499553, 477.750395, 303.53786289, 121.85156558, 79.09546823, 700.0260703, 342.34640138], [716.51937806, 375.41604576, 437.61772262, 283.26924134, 475.41302162, 46.08937989, 547.24662269, 171.48012696, 685.83426409, 289.13503921, 354.0738387, 147.84477947, 283.8351739, 118.70229719, 195.34588107, 523.04048271, 496.80981242, 84.78155959, 254.7345623, 579.68997522, 689.84187043, 590.67957649, 155.34695145, 372.57134149, 201.19739741, 318.278158, 291.38145148, 541.57671971, 234.38736565, 471.83258069, 398.18632775, 256.62909855, 35.1210491, 203.49713491, 668.71855928, 433.74528793], [748.78547199, 417.49094933, 461.63775478, 319.08984163, 517.04241473, 29.51220606, 565.64933008, 225.31973482, 713.38468005, 300.24136658, 408.0880807, 182.65461846, 333.83049503, 139.1707942, 176.97910594, 535.35568697, 545.07348248, 138.71368872, 299.2060997, 612.12781383, 728.86498273, 630.69190847, 144.44733094, 423.61871895, 203.92688412, 370.13457128, 315.52631293, 567.80700107, 268.91814582, 506.4210336, 403.37774151, 282.44180548, 86.57194699, 245.12134495, 690.72004876, 486.81024474], [354.90044526, 242.78862371, 71.43598775, 199.85527651, 270.62040477, 458.82439124, 126.39861168, 433.0677351, 296.37091828, 141.98406725, 477.18394775, 536.67524561, 333.94346199, 305.59918001, 615.60651645, 103.36857857, 380.19408019, 405.69381943, 576.50772363, 237.53315253, 391.08823405, 323.02641409, 311.03343308, 374.435821, 623.48004668, 546.02119307, 681.92031226, 157.95834304, 604.74939644, 187.52593811, 91.50922388, 175.96294446, 401.2886215, 555.16498795, 255.72933529, 458.32036064]]}