{"parameters": {"buildingCosts": {"productionCenter": 800000.0, "automationPenalty": 1200000.0, "distributionCenter": 60000.0}, "productionCosts": {"productionCenter": 18.0, "automationBonus": 3.4, "distributionCenter": 2.0}, "routingCosts": {"primary": 0.0075, "secondary": 0.11}, "capacityCost": 1000.0, "capacities": {"productionCenter": 1250000, "automationBonus": 1250000}}, "clients": [{"id": 220, "demand": 2216101.0, "coordinates": [51.649326073863634, 32.59388847326839]}, {"id": 150, "demand": 104343.0, "coordinates": [47.91871684908409, 31.375501800018313]}, {"id": 65, "demand": 113379.0, "coordinates": [49.54553819202368, 29.373136368793112]}, {"id": 151, "demand": 64487.0, "coordinates": [48.38504533364841, 31.39059466171569]}], "sites": [{"id": 1, "coordinates": [49.412890000000004, 29.524189999999997]}, {"id": 2, "coordinates": [47.878659999968, 31.48511]}, {"id": 3, "coordinates": [53.3625637, 31.18958]}, {"id": 4, "coordinates": [51.0792, 33.38938]}, {"id": 5, "coordinates": [50.17862, 28.879420000000003]}, {"id": 6, "coordinates": [54.06807, 27.73135]}, {"id": 7, "coordinates": [47.69843, 31.33233]}, {"id": 8, "coordinates": [51.7932987, 29.974183]}, {"id": 9, "coordinates": [52.24783999, 28.213859999999997]}, {"id": 10, "coordinates": [50.563454699, 31.2922096]}, {"id": 11, "coordinates": [48.750685299989996, 33.0294552]}, {"id": 12, "coordinates": [48.6068854999, 32.110978]}, {"id": 13, "coordinates": [49.74226999, 31.69128]}, {"id": 14, "coordinates": [50.68881999, 32.43457]}, {"id": 15, "coordinates": [54.0789446, 32.7149011]}, {"id": 16, "coordinates": [54.83763, 31.180706899999997]}, {"id": 17, "coordinates": [48.988, 30.81892999]}, {"id": 18, "coordinates": [49.33424999, 29.012079999999997]}, {"id": 19, "coordinates": [49.21541999, 28.290059999999997]}, {"id": 20, "coordinates": [53.14758, 29.017539999999997]}], "siteSiteDistances": [[0, 223.27436814, 454.1000949, 331.40072419, 96.90938368, 532.10263657, 232.47759762, 266.58662581, 328.37624687, 179.83685919, 265.6691923, 208.85990198, 160.47793118, 251.58413486, 563.28386791, 613.66625316, 105.26699414, 38.09479941, 92.11532644, 416.7686377], [223.27436814, 0, 610.13794768, 381.5165637, 318.54161453, 736.44627271, 23.06311444, 448.54662978, 538.89520912, 298.86419884, 149.80939696, 93.30011289, 207.77325708, 319.96748433, 694.76706028, 774.08982335, 132.78259825, 243.40811752, 278.19011405, 611.20949839], [454.1000949, 610.13794768, 0, 294.78865397, 388.03549942, 240.68084068, 629.90426163, 192.84777144, 235.29162015, 311.32647616, 528.64701864, 532.71434674, 404.04773704, 309.25621581, 128.12664766, 164.02113552, 487.1138799, 472.71014225, 503.19215971, 146.4484451], [331.40072419, 381.5165637, 294.78865397, 0, 333.43814512, 506.33417041, 404.2934281, 249.66571889, 379.77852813, 158.0803623, 260.19783177, 289.77877388, 191.24664029, 79.81670859, 336.65152745, 443.27507725, 296.23378527, 366.91160211, 418.16678776, 376.74035958], [96.90938368, 318.54161453, 388.03549942, 333.43814512, 0, 439.51633034, 328.82926049, 195.20840523, 234.70824098, 176.37954287, 339.28189045, 291.92127886, 206.89780992, 258.08803461, 506.42522612, 540.88727025, 192.54464237, 94.37214313, 115.18549106, 330.2709889], [532.10263657, 736.44627271, 240.68084068, 506.33417041, 439.51633034, 0, 751.72494221, 294.20852796, 204.94002606, 458.61557086, 695.71250577, 678.89378919, 552.21894285, 492.84499306, 325.07865543, 238.81015859, 603.76409852, 533.70152203, 540.96162718, 132.94850353], [232.47759762, 23.06311444, 629.90426163, 404.2934281, 328.82926049, 751.72494221, 0, 465.64618891, 552.71908228, 318.59001084, 171.73719806, 116.36314838, 228.78458785, 342.0164534, 716.0415802, 793.91348678, 148.32821762, 249.56200369, 280.64835553, 627.62912296], [266.58662581, 448.54662978, 192.84777144, 249.66571889, 195.20840523, 294.20852796, 465.64618891, 0, 130.62355578, 164.74403088, 401.92734808, 385.53369632, 258.04391805, 210.73745457, 313.52619011, 347.85924546, 317.6258139, 281.74523322, 310.38551416, 163.93581417], [328.37624687, 538.89520912, 235.29162015, 379.77852813, 234.70824098, 204.94002606, 552.71908228, 130.62355578, 0, 283.98492068, 516.71472903, 489.86023211, 369.84532155, 339.81505579, 362.51450152, 348.29423753, 406.34605725, 328.79387219, 337.23277794, 113.76260253], [179.83685919, 298.86419884, 311.32647616, 158.0803623, 176.37954287, 458.61557086, 318.59001084, 164.74403088, 283.98492068, 0, 237.19539595, 225.4215546, 95.63560573, 81.77776067, 402.66461236, 475.32647891, 178.44781832, 212.81628164, 262.11967161, 327.02401429], [265.6691923, 149.80939696, 528.64701864, 260.19783177, 339.28189045, 695.71250577, 171.73719806, 401.92734808, 516.71472903, 237.19539595, 0, 69.30379504, 146.9394709, 219.71136425, 592.87601883, 688.6115417, 163.8147058, 299.88381485, 349.63813042, 563.72912982], [208.85990198, 93.30011289, 532.71434674, 289.77877388, 291.92127886, 678.89378919, 116.36314838, 385.53369632, 489.86023211, 225.4215546, 69.30379504, 0, 129.88279894, 232.66956365, 609.904035, 695.76818942, 103.69154537, 240.20267547, 287.28171983, 549.44618161], [160.47793118, 207.77325708, 404.04773704, 191.24664029, 206.89780992, 552.21894285, 228.78458785, 258.04391805, 369.84532155, 95.63560573, 146.9394709, 129.88279894, 0, 117.79089618, 487.28779488, 567.63795168, 104.99784789, 198.56858809, 252.58896707, 421.48970277], [251.58413486, 319.96748433, 309.25621581, 79.81670859, 258.08803461, 492.84499306, 342.0164534, 210.73745457, 339.81505579, 81.77776067, 219.71136425, 232.66956365, 117.79089618, 0, 377.44416297, 468.95746752, 221.78037944, 287.18091058, 338.7032079, 360.01368782], [563.28386791, 694.76706028, 128.12664766, 336.65152745, 506.42522612, 325.07865543, 716.0415802, 313.52619011, 362.51450152, 402.66461236, 592.87601883, 609.904035, 487.28779488, 377.44416297, 0, 130.19017893, 581.02342035, 585.84798259, 620.74140097, 264.93026449], [613.66625316, 774.08982335, 164.02113552, 443.27507725, 540.88727025, 238.81015859, 793.91348678, 347.85924546, 348.29423753, 475.32647891, 688.6115417, 695.76818942, 567.63795168, 468.95746752, 130.19017893, 0, 650.92083421, 629.55168985, 655.55340372, 235.16089292], [105.26699414, 132.78259825, 487.1138799, 296.23378527, 192.54464237, 603.76409852, 148.32821762, 317.6258139, 406.34605725, 178.44781832, 163.8147058, 103.69154537, 104.99784789, 221.78037944, 581.02342035, 650.92083421, 0, 136.90491541, 185.82495473, 479.30499442], [38.09479941, 243.40811752, 472.71014225, 366.91160211, 94.37214313, 533.70152203, 249.56200369, 281.74523322, 328.79387219, 212.81628164, 299.88381485, 240.20267547, 198.56858809, 287.18091058, 585.84798259, 629.55168985, 136.90491541, 0, 54.02112643, 424.02370642], [92.11532644, 278.19011405, 503.19215971, 418.16678776, 115.18549106, 540.96162718, 280.64835553, 310.38551416, 337.23277794, 262.11967161, 349.63813042, 287.28171983, 252.58896707, 338.7032079, 620.74140097, 655.55340372, 185.82495473, 54.02112643, 0, 440.16090662], [416.7686377, 611.20949839, 146.4484451, 376.74035958, 330.2709889, 132.94850353, 627.62912296, 163.93581417, 113.76260253, 327.02401429, 563.72912982, 549.44618161, 421.48970277, 360.01368782, 264.93026449, 235.16089292, 479.30499442, 424.02370642, 440.16090662, 0]], "siteClientDistances": [[329.97001995, 214.66869179, 18.34806276, 177.96787694], [426.76169093, 9.30640949, 241.57061727, 56.74275613], [212.88748845, 605.47037099, 442.66406959, 553.65462024], [84.07696448, 380.2974711, 332.22061055, 332.20884296], [307.44482211, 310.18464448, 78.79008833, 270.07012223], [422.81436506, 729.54660661, 515.35809768, 681.13372584], [448.58239447, 24.70608001, 250.82382789, 76.47101861], [181.15437134, 442.36850352, 253.50136572, 392.20077578], [307.43110805, 531.48610173, 311.27668634, 485.03231881], [151.11715539, 294.14394012, 177.70603289, 242.33262616], [323.80047716, 153.31012683, 280.20421896, 127.25598951], [340.04912386, 93.91119531, 225.06422465, 58.53342914], [221.37561638, 204.08279082, 168.3333465, 152.49806727], [107.37956052, 317.43950654, 252.57311224, 267.00840377], [270.28361788, 691.33570909, 553.81861028, 639.78162041], [366.76243075, 769.46706253, 601.16129995, 717.64113564], [321.61763511, 125.78357456, 121.85156558, 79.09546823], [361.1230377, 234.38736565, 35.1210491, 203.49713491], [407.51846619, 268.91814582, 86.57194699, 245.12134495], [294.27875709, 604.74939644, 401.2886215, 555.16498795]]}