{"parameters": {"buildingCosts": {"productionCenter": 800000.0, "automationPenalty": 1200000.0, "distributionCenter": 60000.0}, "productionCosts": {"productionCenter": 18.0, "automationBonus": 3.4, "distributionCenter": 2.0}, "routingCosts": {"primary": 0.0075, "secondary": 0.11}, "capacityCost": 1000.0, "capacities": {"productionCenter": 1250000, "automationBonus": 1250000}}, "clients": [{"id": 284, "demand": 243633.0, "coordinates": [50.30103883333334, 34.25060753333333]}, {"id": 125, "demand": 521312.0, "coordinates": [53.971111564285714, 30.54106899285714]}, {"id": 239, "demand": 135871.0, "coordinates": [52.0590202875, 32.947478286458335]}, {"id": 266, "demand": 127568.0, "coordinates": [55.199420716666665, 33.39735218333334]}, {"id": 313, "demand": 381513.0, "coordinates": [48.68174747550266, 27.678476609021143]}, {"id": 170, "demand": 471182.0, "coordinates": [47.17177387777778, 31.73420253333333]}, {"id": 156, "demand": 382312.0, "coordinates": [50.43900545995614, 31.351994658184204]}, {"id": 38, "demand": 138324.0, "coordinates": [52.3944083625, 28.541673774999992]}, {"id": 78, "demand": 12915.0, "coordinates": [47.932461116666666, 29.814092153333334]}, {"id": 67, "demand": 64057.0, "coordinates": [50.35361536539871, 29.281455080732748]}, {"id": 44, "demand": 10990.0, "coordinates": [54.7361922, 28.5798766]}, {"id": 249, "demand": 8633.0, "coordinates": [48.36510023700425, 33.38154834190235]}], "sites": [{"id": 11, "coordinates": [48.750685299989996, 33.0294552]}, {"id": 10, "coordinates": [50.563454699, 31.2922096]}, {"id": 18, "coordinates": [49.33424999, 29.012079999999997]}, {"id": 16, "coordinates": [54.83763, 31.180706899999997]}, {"id": 4, "coordinates": [51.0792, 33.38938]}, {"id": 9, "coordinates": [52.24783999, 28.213859999999997]}], "siteSiteDistances": [[0, 237.19539595, 299.88381485, 688.6115417, 260.19783177, 516.71472903], [237.19539595, 0, 212.81628164, 475.32647891, 158.0803623, 283.98492068], [299.88381485, 212.81628164, 0, 629.55168985, 366.91160211, 328.79387219], [688.6115417, 475.32647891, 629.55168985, 0, 443.27507725, 348.29423753], [260.19783177, 158.0803623, 366.91160211, 443.27507725, 0, 379.77852813], [516.71472903, 283.98492068, 328.79387219, 348.29423753, 379.77852813, 0]], "siteClientDistances": [[193.61005641, 605.55227395, 367.91638008, 717.50754655, 392.57025099, 200.3057234, 223.28294213, 514.18497821, 254.44330849, 323.77737389, 732.32171366, 50.0972011], [211.55106282, 382.34063443, 202.20732265, 534.43602624, 333.91366626, 378.51936347, 14.46974934, 278.76766608, 311.59028652, 144.23802242, 498.66782231, 287.2925005], [390.81754594, 526.24176709, 410.52633104, 716.86391637, 121.34752887, 313.70560732, 207.81363384, 341.87023305, 166.63957744, 114.98225034, 601.39334475, 337.32989615], [545.31564701, 104.86872592, 330.35103814, 146.91743269, 725.47208035, 853.27749812, 489.24154429, 322.60540405, 773.61508936, 514.7877071, 167.12927953, 735.49236575], [105.67544938, 374.81129916, 113.15060726, 458.14858093, 488.16309028, 450.83923787, 160.00853433, 364.34900625, 434.71807837, 300.21208044, 518.77208031, 301.79506553], [472.23799465, 246.64661068, 323.56842539, 473.07350871, 398.33543437, 618.41092625, 296.53912033, 27.60478359, 493.20864498, 223.31667876, 277.74888497, 566.35635616]]}