{"parameters": {"buildingCosts": {"productionCenter": 800000.0, "automationPenalty": 1200000.0, "distributionCenter": 60000.0}, "productionCosts": {"productionCenter": 18.0, "automationBonus": 3.4, "distributionCenter": 2.0}, "routingCosts": {"primary": 0.0075, "secondary": 0.11}, "capacityCost": 1000.0, "capacities": {"productionCenter": 1250000, "automationBonus": 1250000}}, "clients": [{"id": 176, "demand": 278976.0, "coordinates": [49.5508180542024, 31.745765260506005]}, {"id": 210, "demand": 57455.0, "coordinates": [55.644638, 32.104021111538465]}, {"id": 32, "demand": 367498.0, "coordinates": [50.01317244974683, 28.500345463459908]}, {"id": 279, "demand": 72722.0, "coordinates": [53.73879310555556, 33.793842921111114]}, {"id": 35, "demand": 36686.0, "coordinates": [51.31220822857143, 28.47368175714285]}, {"id": 204, "demand": 192291.0, "coordinates": [53.167132083333335, 32.245382883333335]}, {"id": 199, "demand": 87859.0, "coordinates": [51.21907913250916, 32.08788694629121]}, {"id": 79, "demand": 142189.0, "coordinates": [48.38066442666667, 29.807154559999994]}, {"id": 115, "demand": 134746.0, "coordinates": [49.98953222051282, 30.498906652564102]}, {"id": 270, "demand": 108185.0, "coordinates": [50.05308006862745, 33.808520786928106]}, {"id": 10, "demand": 42188.0, "coordinates": [52.38076078888889, 27.772461977777773]}, {"id": 143, "demand": 213194.0, "coordinates": [54.07233772034188, 30.835290259316245]}, {"id": 91, "demand": 38265.0, "coordinates": [53.133215785714285, 29.66996855714285]}, {"id": 126, "demand": 216178.0, "coordinates": [47.09293341607143, 30.951390010416652]}, {"id": 232, "demand": 83695.0, "coordinates": [49.0971934068323, 33.044858129968944]}, {"id": 43, "demand": 26780.0, "coordinates": [54.43000535454546, 28.56527060909091]}, {"id": 246, "demand": 83456.0, "coordinates": [54.90849911814815, 32.872263144074076]}, {"id": 76, "demand": 271.0, "coordinates": [47.083778611111114, 29.577437944444434]}, {"id": 217, "demand": 9181.0, "coordinates": [50.322672745, 32.63466357333333]}, {"id": 311, "demand": 14301.0, "coordinates": [48.29888933869397, 28.59720950291134]}, {"id": 118, "demand": 30277.0, "coordinates": [51.2131210625, 30.48485077638889]}, {"id": 258, "demand": 68422.0, "coordinates": [52.07127746388889, 33.41697975555555]}, {"id": 160, "demand": 24292.0, "coordinates": [52.008228188888886, 31.364473499999995]}, {"id": 298, "demand": 23055.0, "coordinates": [50.87139395, 34.60370013333333]}, {"id": 307, "demand": 871.0, "coordinates": [54.87290430144192, 30.0029235203151]}, {"id": 13, "demand": 7458.0, "coordinates": [53.68115410714286, 27.82230537857143]}, {"id": 248, "demand": 5358.0, "coordinates": [48.07336909166666, 33.38433654166666]}, {"id": 192, "demand": 87023.0, "coordinates": [48.358411263383836, 32.16202635530303]}, {"id": 294, "demand": 750.0, "coordinates": [54.91594, 34.06847]}, {"id": 146, "demand": 8686.0, "coordinates": [55.276588287500005, 31.041723899999994]}, {"id": 1, "demand": 13532.0, "coordinates": [48.710624189307694, 27.663502978115375]}, {"id": 129, "demand": 7200.0, "coordinates": [48.32637415476191, 30.91206774642857]}, {"id": 6, "demand": 2847.0, "coordinates": [50.79259605346154, 27.6056710224359]}, {"id": 68, "demand": 133.0, "coordinates": [50.786894708333335, 29.35215924166667]}, {"id": 88, "demand": 11977.0, "coordinates": [52.10473580357143, 29.708593076785718]}, {"id": 299, "demand": 313.0, "coordinates": [52.199347700000004, 34.4368779]}], "sites": [{"id": 3, "coordinates": [53.3625637, 31.18958]}, {"id": 11, "coordinates": [48.750685299989996, 33.0294552]}, {"id": 17, "coordinates": [48.988, 30.81892999]}, {"id": 5, "coordinates": [50.17862, 28.879420000000003]}, {"id": 4, "coordinates": [51.0792, 33.38938]}, {"id": 15, "coordinates": [54.0789446, 32.7149011]}, {"id": 9, "coordinates": [52.24783999, 28.213859999999997]}, {"id": 10, "coordinates": [50.563454699, 31.2922096]}, {"id": 8, "coordinates": [51.7932987, 29.974183]}, {"id": 6, "coordinates": [54.06807, 27.73135]}], "siteSiteDistances": [[0, 528.64701864, 487.1138799, 388.03549942, 294.78865397, 128.12664766, 235.29162015, 311.32647616, 192.84777144, 240.68084068], [528.64701864, 0, 163.8147058, 339.28189045, 260.19783177, 592.87601883, 516.71472903, 237.19539595, 401.92734808, 695.71250577], [487.1138799, 163.8147058, 0, 192.54464237, 296.23378527, 581.02342035, 406.34605725, 178.44781832, 317.6258139, 603.76409852], [388.03549942, 339.28189045, 192.54464237, 0, 333.43814512, 506.42522612, 234.70824098, 176.37954287, 195.20840523, 439.51633034], [294.78865397, 260.19783177, 296.23378527, 333.43814512, 0, 336.65152745, 379.77852813, 158.0803623, 249.66571889, 506.33417041], [128.12664766, 592.87601883, 581.02342035, 506.42522612, 336.65152745, 0, 362.51450152, 402.66461236, 313.52619011, 325.07865543], [235.29162015, 516.71472903, 406.34605725, 234.70824098, 379.77852813, 362.51450152, 0, 283.98492068, 130.62355578, 204.94002606], [311.32647616, 237.19539595, 178.44781832, 176.37954287, 158.0803623, 402.66461236, 283.98492068, 0, 164.74403088, 458.61557086], [192.84777144, 401.92734808, 317.6258139, 195.20840523, 249.66571889, 313.52619011, 130.62355578, 164.74403088, 0, 294.20852796], [240.68084068, 695.71250577, 603.76409852, 439.51633034, 506.33417041, 325.07865543, 204.94002606, 458.61557086, 294.20852796, 0]], "siteClientDistances": [[425.5919032, 260.52732381, 415.94977421, 177.04561262, 293.26025404, 73.5038973, 246.04556043, 562.36261111, 378.07089435, 409.79414708, 253.97124665, 82.2942407, 104.27030858, 697.35681993, 491.52122677, 208.91549046, 203.86460472, 707.47781306, 352.27821351, 591.65696939, 243.76336467, 207.64883891, 151.0560282, 361.95790514, 184.88782221, 225.38027815, 608.01301274, 560.59288859, 254.91831524, 213.04590231, 572.85268491, 560.33716496, 376.26970407, 312.69619994, 171.76301424, 253.79703732], [128.96267472, 769.14537348, 356.57409736, 557.19014978, 432.31167652, 494.13966588, 282.60174528, 240.63566744, 229.2144226, 155.40277723, 548.16790667, 610.91633113, 541.03757555, 240.72475711, 38.5464276, 702.45247857, 684.80332178, 317.02204528, 177.10287204, 330.20272447, 328.70324301, 370.2517263, 380.95048152, 261.45649328, 711.67231895, 656.96091587, 79.73875332, 77.32059792, 689.23254063, 738.20829613, 393.50554827, 162.86770483, 450.68225714, 347.79162566, 440.83778636, 396.17645674], [91.86106012, 745.28711426, 202.54208302, 567.07858841, 307.72073504, 475.23753803, 264.06683855, 100.38573219, 113.73891363, 246.1390333, 433.94696309, 565.3544692, 467.85239208, 210.95196933, 162.6914949, 624.64455656, 673.12605436, 230.97767907, 197.74938146, 180.31364286, 248.56650783, 388.86952071, 338.0412952, 342.34640138, 656.74753199, 561.71915602, 214.52610527, 120.93945656, 695.56719147, 699.42442522, 232.91918528, 73.88690731, 305.32289825, 225.93918489, 355.32338212, 438.89192278], [216.96662405, 644.93326742, 32.70498761, 519.47511729, 129.24124549, 405.24399346, 253.83798171, 210.94219819, 117.44481584, 351.66988604, 256.67839463, 453.03644351, 333.0261823, 375.33863681, 323.10881483, 473.21410817, 590.97150282, 347.92882175, 267.45493754, 210.01812657, 161.29659342, 380.11600169, 267.37724909, 411.81221193, 527.46723119, 396.1395272, 402.69472399, 312.50447143, 632.54636726, 585.19629611, 185.39331318, 253.32565703, 113.05576527, 75.45544535, 221.84478413, 447.5910446], [206.1499919, 514.74520749, 365.14351916, 297.00214534, 343.44803389, 244.94376052, 92.1034606, 395.29142716, 237.49477624, 117.87683066, 412.8930513, 374.85174679, 341.52055873, 477.41959322, 221.75506482, 493.96515271, 427.2001991, 523.71935231, 99.50624857, 462.87776318, 203.14338255, 110.33061819, 174.00130599, 88.10304676, 478.78518534, 475.68308074, 334.23380661, 315.13083056, 429.03471231, 492.18098964, 487.21823173, 354.1233309, 406.43268756, 284.74556722, 278.62940203, 144.00773029], [507.88017601, 178.4311383, 535.9408518, 80.15624542, 419.78032869, 106.01132061, 320.80029749, 665.03508368, 479.2617118, 453.84034119, 379.19690848, 122.62442249, 226.72466043, 786.65733294, 554.41335571, 272.32500872, 92.80045015, 808.54878491, 417.71466738, 703.57471238, 352.35348346, 228.11297363, 247.30734123, 378.87673054, 196.18534311, 323.66386158, 669.41775333, 637.25411501, 127.67469056, 171.17933016, 691.80357551, 651.81509801, 503.23790745, 431.13380632, 297.4217832, 238.46745741], [388.86089969, 455.33871149, 249.28632769, 408.4615096, 105.56173946, 290.15792661, 290.22913533, 444.61469688, 297.44712012, 460.06398209, 33.44753802, 267.73831297, 139.00315736, 605.99428376, 488.29785108, 243.76426913, 426.57698699, 582.5148587, 374.52940815, 439.94643975, 194.14907308, 355.39268303, 216.69531591, 467.30327124, 314.87777284, 161.51980905, 592.24353829, 515.26105609, 486.95832742, 384.59835, 395.24089377, 476.24116888, 167.19634719, 180.53154996, 103.15648641, 423.79149488], [117.16261174, 567.58502001, 207.55739556, 392.11089946, 214.31092166, 296.81436719, 91.81091267, 265.36340523, 85.15021808, 187.4811172, 316.58663192, 391.40232913, 306.6830365, 386.70929893, 205.86555039, 467.80900115, 494.68621642, 406.74815299, 98.76123808, 318.37407404, 91.79117311, 223.39966114, 160.73026874, 235.61812606, 486.97189902, 419.7714675, 315.66039279, 253.11562126, 518.70607722, 524.34530668, 332.69754621, 250.26497221, 260.97925489, 138.94287339, 203.64503686, 284.06423057], [278.83942686, 450.54159309, 223.2865639, 335.83863351, 116.72208086, 216.76077352, 159.61102785, 379.65491789, 203.91729554, 331.10261588, 163.99501813, 259.90143748, 150.41050628, 527.39751317, 370.27172251, 307.88442503, 396.13996064, 524.45836516, 247.58915674, 400.78845064, 73.56088086, 238.03716774, 98.33471398, 337.5067418, 342.44230151, 255.03389772, 480.15656479, 412.57245139, 440.75238814, 393.68478034, 380.06663126, 391.26629671, 198.74459917, 119.97463681, 39.12269364, 308.80149772], [572.90619431, 330.16041842, 453.93446, 398.71611706, 310.49089425, 314.07133053, 431.99612751, 648.64651668, 491.35555458, 609.43509411, 187.64043423, 202.51192935, 164.81979329, 808.01855514, 663.14429924, 67.48921977, 344.85968118, 787.41063285, 533.72326382, 644.32354711, 367.76189606, 439.80215996, 333.78695044, 585.27767363, 171.90245744, 43.43435209, 774.25071365, 705.58650018, 419.83484331, 251.68349715, 595.74014127, 675.64546319, 364.31608243, 381.01497403, 255.11940685, 492.97899295]]}