{"parameters": {"buildingCosts": {"productionCenter": 800000.0, "automationPenalty": 1200000.0, "distributionCenter": 60000.0}, "productionCosts": {"productionCenter": 18.0, "automationBonus": 3.4, "distributionCenter": 2.0}, "routingCosts": {"primary": 0.0075, "secondary": 0.11}, "capacityCost": 1000.0, "capacities": {"productionCenter": 1250000, "automationBonus": 1250000}}, "clients": [{"id": 1, "demand": 49632.0, "coordinates": [48.710624189307694, 27.663502978115375]}, {"id": 103, "demand": 57347.0, "coordinates": [51.16974012991453, 30.18587186410256]}, {"id": 130, "demand": 416057.0, "coordinates": [48.73273001764706, 31.03119411764707]}, {"id": 216, "demand": 158565.0, "coordinates": [50.032010694444445, 32.64386515416666]}, {"id": 139, "demand": 170760.0, "coordinates": [52.52196984002235, 30.89330142078544]}, {"id": 268, "demand": 44394.0, "coordinates": [48.6318, 33.65199]}, {"id": 55, "demand": 103236.0, "coordinates": [52.80245350092593, 28.81818717188552]}, {"id": 99, "demand": 236368.0, "coordinates": [49.56566441489579, 30.12958024019043]}, {"id": 165, "demand": 213627.0, "coordinates": [54.1040388125, 31.353043322916655]}, {"id": 36, "demand": 43558.0, "coordinates": [51.5533366534188, 28.408918108974355]}, {"id": 67, "demand": 174024.0, "coordinates": [50.35361536539871, 29.281455080732748]}, {"id": 60, "demand": 60631.0, "coordinates": [47.54683665, 29.436153966666666]}, {"id": 286, "demand": 87912.0, "coordinates": [51.153524248275865, 34.34051191423259]}, {"id": 147, "demand": 45528.0, "coordinates": [55.73245731844919, 30.97293118101605]}, {"id": 181, "demand": 56759.0, "coordinates": [51.57724901666667, 31.872854925]}, {"id": 28, "demand": 23414.0, "coordinates": [54.031738733333334, 28.266770933333333]}, {"id": 11, "demand": 1894.0, "coordinates": [52.8276344625, 27.757983816666666]}, {"id": 171, "demand": 112024.0, "coordinates": [47.49241918142857, 31.75094917642857]}, {"id": 265, "demand": 93471.0, "coordinates": [54.829944795833335, 33.446681511111116]}, {"id": 311, "demand": 14103.0, "coordinates": [48.29888933869397, 28.59720950291134]}, {"id": 109, "demand": 1212.0, "coordinates": [47.302216666666666, 30.603746666666666]}, {"id": 290, "demand": 35704.0, "coordinates": [53.24825758524123, 34.21455771763158]}, {"id": 203, "demand": 65441.0, "coordinates": [52.7643909811442, 32.112787716810345]}, {"id": 155, "demand": 58111.0, "coordinates": [49.995583795138884, 31.381855146527784]}, {"id": 257, "demand": 18677.0, "coordinates": [51.60914818080808, 33.363883621590915]}, {"id": 212, "demand": 54906.0, "coordinates": [48.286246081410255, 32.62287991474359]}, {"id": 64, "demand": 9542.0, "coordinates": [49.096371669444444, 29.227353302182536]}, {"id": 269, "demand": 12559.0, "coordinates": [49.70033793, 33.85698217]}, {"id": 210, "demand": 1588.0, "coordinates": [55.644638, 32.104021111538465]}, {"id": 226, "demand": 39240.0, "coordinates": [54.15892187348914, 32.586944724466036]}, {"id": 304, "demand": 5847.0, "coordinates": [54.18490204003165, 30.05903963857956]}, {"id": 4, "demand": 28898.0, "coordinates": [50.001308439736846, 27.75066327368421]}, {"id": 302, "demand": 1439.0, "coordinates": [54.800194148219056, 29.085912258944994]}, {"id": 299, "demand": 313.0, "coordinates": [52.199347700000004, 34.4368779]}, {"id": 300, "demand": 723.0, "coordinates": [54.5423166, 34.492540625000004]}, {"id": 88, "demand": 806.0, "coordinates": [52.10473580357143, 29.708593076785718]}], "sites": [{"id": 17, "coordinates": [48.988, 30.81892999]}, {"id": 3, "coordinates": [53.3625637, 31.18958]}, {"id": 5, "coordinates": [50.17862, 28.879420000000003]}, {"id": 1, "coordinates": [49.412890000000004, 29.524189999999997]}, {"id": 12, "coordinates": [48.6068854999, 32.110978]}, {"id": 13, "coordinates": [49.74226999, 31.69128]}, {"id": 9, "coordinates": [52.24783999, 28.213859999999997]}, {"id": 14, "coordinates": [50.68881999, 32.43457]}, {"id": 16, "coordinates": [54.83763, 31.180706899999997]}, {"id": 6, "coordinates": [54.06807, 27.73135]}, {"id": 20, "coordinates": [53.14758, 29.017539999999997]}, {"id": 4, "coordinates": [51.0792, 33.38938]}, {"id": 8, "coordinates": [51.7932987, 29.974183]}, {"id": 7, "coordinates": [47.69843, 31.33233]}, {"id": 15, "coordinates": [54.0789446, 32.7149011]}, {"id": 19, "coordinates": [49.21541999, 28.290059999999997]}], "siteSiteDistances": [[0, 487.1138799, 192.54464237, 105.26699414, 103.69154537, 104.99784789, 406.34605725, 221.78037944, 650.92083421, 603.76409852, 479.30499442, 296.23378527, 317.6258139, 148.32821762, 581.02342035, 185.82495473], [487.1138799, 0, 388.03549942, 454.1000949, 532.71434674, 404.04773704, 235.29162015, 309.25621581, 164.02113552, 240.68084068, 146.4484451, 294.78865397, 192.84777144, 629.90426163, 128.12664766, 503.19215971], [192.54464237, 388.03549942, 0, 96.90938368, 291.92127886, 206.89780992, 234.70824098, 258.08803461, 540.88727025, 439.51633034, 330.2709889, 333.43814512, 195.20840523, 328.82926049, 506.42522612, 115.18549106], [105.26699414, 454.1000949, 96.90938368, 0, 208.85990198, 160.47793118, 328.37624687, 251.58413486, 613.66625316, 532.10263657, 416.7686377, 331.40072419, 266.58662581, 232.47759762, 563.28386791, 92.11532644], [103.69154537, 532.71434674, 291.92127886, 208.85990198, 0, 129.88279894, 489.86023211, 232.66956365, 695.76818942, 678.89378919, 549.44618161, 289.77877388, 385.53369632, 116.36314838, 609.904035, 287.28171983], [104.99784789, 404.04773704, 206.89780992, 160.47793118, 129.88279894, 0, 369.84532155, 117.79089618, 567.63795168, 552.21894285, 421.48970277, 191.24664029, 258.04391805, 228.78458785, 487.28779488, 252.58896707], [406.34605725, 235.29162015, 234.70824098, 328.37624687, 489.86023211, 369.84532155, 0, 339.81505579, 348.29423753, 204.94002606, 113.76260253, 379.77852813, 130.62355578, 552.71908228, 362.51450152, 337.23277794], [221.78037944, 309.25621581, 258.08803461, 251.58413486, 232.66956365, 117.79089618, 339.81505579, 0, 468.95746752, 492.84499306, 360.01368782, 79.81670859, 210.73745457, 342.0164534, 377.44416297, 338.7032079], [650.92083421, 164.02113552, 540.88727025, 613.66625316, 695.76818942, 567.63795168, 348.29423753, 468.95746752, 0, 238.81015859, 235.16089292, 443.27507725, 347.85924546, 793.91348678, 130.19017893, 655.55340372], [603.76409852, 240.68084068, 439.51633034, 532.10263657, 678.89378919, 552.21894285, 204.94002606, 492.84499306, 238.81015859, 0, 132.94850353, 506.33417041, 294.20852796, 751.72494221, 325.07865543, 540.96162718], [479.30499442, 146.4484451, 330.2709889, 416.7686377, 549.44618161, 421.48970277, 113.76260253, 360.01368782, 235.16089292, 132.94850353, 0, 376.74035958, 163.93581417, 627.62912296, 264.93026449, 440.16090662], [296.23378527, 294.78865397, 333.43814512, 331.40072419, 289.77877388, 191.24664029, 379.77852813, 79.81670859, 443.27507725, 506.33417041, 376.74035958, 0, 249.66571889, 404.2934281, 336.65152745, 418.16678776], [317.6258139, 192.84777144, 195.20840523, 266.58662581, 385.53369632, 258.04391805, 130.62355578, 210.73745457, 347.85924546, 294.20852796, 163.93581417, 249.66571889, 0, 465.64618891, 313.52619011, 310.38551416], [148.32821762, 629.90426163, 328.82926049, 232.47759762, 116.36314838, 228.78458785, 552.71908228, 342.0164534, 793.91348678, 751.72494221, 627.62912296, 404.2934281, 465.64618891, 0, 716.0415802, 280.64835553], [581.02342035, 128.12664766, 506.42522612, 563.28386791, 609.904035, 487.28779488, 362.51450152, 377.44416297, 130.19017893, 325.07865543, 264.93026449, 336.65152745, 313.52619011, 716.0415802, 0, 620.74140097], [185.82495473, 503.19215971, 115.18549106, 92.11532644, 287.28171983, 252.58896707, 337.23277794, 338.7032079, 655.55340372, 540.96162718, 440.16090662, 418.16678776, 310.38551416, 280.64835553, 620.74140097, 0]], "siteClientDistances": [[232.91918528, 246.7660577, 32.35453937, 175.59731002, 392.99482462, 211.19460197, 446.71112473, 81.40420404, 570.07147535, 332.68369975, 187.87343661, 190.13860712, 347.99394857, 750.02287284, 297.48242875, 587.89222309, 477.750395, 180.0523694, 674.01624228, 180.31364286, 188.12924996, 529.55593019, 429.59770679, 119.18682287, 342.91631233, 153.81137527, 116.62999012, 233.89059063, 745.28711426, 587.76982297, 580.24046893, 248.57402451, 657.08252216, 438.89192278, 667.12166136, 355.32338212], [572.85268491, 253.21032196, 514.93341392, 383.64285012, 95.55482428, 553.4565083, 170.18236037, 428.52151665, 83.14645632, 275.58474497, 359.29318256, 658.4322262, 326.01981387, 263.89034201, 203.83955075, 206.28522203, 236.70079702, 653.93566999, 219.71620382, 591.65696939, 675.15606482, 201.37959205, 90.71589999, 374.62584794, 244.29105758, 573.33750567, 493.61340138, 446.99376804, 260.52732381, 127.5826609, 117.81259403, 442.49476836, 210.65823612, 253.79703732, 252.78276023, 171.76301424], [185.39331318, 143.59619754, 223.67585242, 268.93891937, 295.70273291, 385.68525459, 291.78814532, 112.56853462, 467.91788293, 156.38638429, 34.57197513, 295.45916128, 399.76274256, 633.2051787, 261.30109609, 430.48159984, 304.60269846, 365.16250836, 602.25584409, 210.01812657, 343.90407178, 501.36238582, 364.37580913, 179.68448763, 352.3797654, 343.6711829, 122.92095639, 360.09588643, 644.93326742, 509.56185676, 452.66318483, 82.90423707, 514.08582992, 447.5910446, 616.6268094, 221.84478413], [156.4445484, 200.92658439, 133.30274621, 234.57077171, 358.74425708, 313.22393277, 380.10678172, 46.91177089, 536.55634119, 250.73921081, 106.03977141, 207.59735128, 393.04303832, 709.45017041, 292.40571278, 520.82260916, 399.17995491, 269.36359394, 658.94290985, 141.2189471, 247.87367688, 536.48232502, 414.14386901, 148.46895591, 365.09484321, 259.01159187, 41.26527185, 314.11787798, 714.44747876, 568.09592213, 531.89307634, 143.33243718, 599.78578842, 463.67944121, 663.79054574, 299.60064262], [326.82001331, 316.56751096, 80.51627696, 163.10492275, 443.73494917, 113.30628883, 520.84237258, 179.39623787, 613.50816836, 420.74749573, 281.93894781, 231.02945424, 325.09120425, 796.09155769, 330.72583929, 659.48578007, 560.29207182, 126.77948929, 698.02964953, 261.36457514, 183.41648883, 536.68030954, 462.2941731, 163.21362199, 345.57281676, 51.92995873, 217.88000619, 175.79446435, 782.56359694, 618.23821054, 636.30290024, 352.04219503, 719.34935687, 432.08260665, 680.09792353, 424.5876358], [314.13057986, 191.17818376, 122.05629264, 75.46736622, 314.05880356, 188.54195441, 394.55969066, 114.12357628, 485.55997554, 306.72688803, 185.00032755, 295.00495522, 244.5394881, 667.82294876, 204.4414896, 531.57759269, 438.64567795, 250.21076594, 578.13839157, 276.84569991, 282.88848972, 427.12718254, 337.32124565, 35.84938417, 238.69736633, 175.57677365, 192.14170993, 155.75304938, 656.90024951, 494.92007077, 506.46188157, 283.83676647, 589.58718257, 334.02224265, 566.82459154, 297.16198141], [395.24089377, 181.18907396, 438.66288904, 395.13611301, 184.37499004, 556.47121335, 73.99094312, 327.06906115, 293.83672942, 78.37632111, 223.31667876, 529.98801724, 439.24993336, 427.31470425, 261.78781367, 198.39214196, 71.46327383, 586.22758059, 449.24469978, 439.94643975, 575.99999435, 418.79495137, 270.0287054, 334.01343767, 360.11392296, 540.38706916, 357.62208341, 485.93743731, 455.33871149, 360.43629858, 247.94682475, 251.88468068, 289.59823165, 423.79149488, 488.00075902, 103.15648641], [407.46456924, 166.41501575, 239.76362553, 74.52769138, 229.94176646, 244.93246438, 342.30504214, 206.37140881, 386.76796681, 296.91117503, 225.99218739, 411.84314924, 143.23858607, 569.17673748, 106.2792703, 467.02606846, 400.07646524, 358.88862137, 465.46856535, 383.8771573, 399.52769565, 309.59592112, 231.85432032, 107.34289374, 121.13611513, 267.50020154, 290.02150293, 149.43892581, 551.5011894, 385.99631206, 420.71952761, 340.98705157, 509.57437597, 217.85643324, 450.40198794, 246.04958616], [722.76183561, 413.23642709, 678.91231397, 543.45668452, 258.1842054, 710.61495617, 274.3041432, 590.5587153, 82.32827265, 409.14403827, 514.7877071, 819.69610855, 460.90479518, 100.36642794, 365.45193014, 208.65571384, 316.78978924, 817.711133, 145.11565513, 748.54594682, 838.86227912, 265.42072789, 238.51602548, 538.58388629, 387.24778256, 735.22874428, 652.20622358, 599.45305745, 107.1360638, 118.06965345, 102.51940662, 585.75081866, 134.26557398, 363.79117134, 215.35113895, 319.10356632], [595.74014127, 362.32899627, 635.71931573, 560.30331987, 271.46430467, 730.51863259, 158.07210303, 527.00762259, 236.22806736, 283.30646482, 426.29123529, 734.89875815, 551.15324904, 277.81000163, 392.49753725, 35.18512421, 137.94160274, 783.57555314, 378.97678489, 644.32354711, 778.89988984, 436.65659278, 324.46415156, 516.97293992, 466.56444455, 727.32886774, 562.37438892, 641.89926962, 330.16041842, 316.58892755, 152.22078126, 452.20580305, 119.58826687, 492.97899295, 441.64061361, 255.11940685], [502.38607081, 233.91327096, 510.72806796, 427.40697295, 143.92463508, 597.89151292, 40.63146813, 405.69381943, 187.15193729, 182.0262451, 311.20526342, 623.48004668, 425.34930497, 313.97895912, 260.88639968, 110.09407368, 91.50922388, 657.96340757, 344.63580154, 539.95919735, 659.65325114, 346.28685885, 211.65624744, 386.65209083, 340.94612428, 596.99688093, 450.71182402, 509.20381144, 342.00515241, 260.68959545, 134.20766548, 360.62275664, 183.81693298, 380.19408019, 391.08823405, 124.98717037], [487.21823173, 223.77982997, 310.76434068, 127.79751451, 234.91504499, 272.78874256, 367.19190641, 286.1074554, 363.34908956, 350.05932789, 300.21208044, 486.05669862, 66.90254412, 541.56042805, 119.03375835, 476.97974274, 431.9587654, 416.13177892, 417.08199342, 462.87776318, 466.13867788, 247.66400193, 206.81878593, 186.12684716, 58.95423309, 315.41587443, 369.74822998, 156.86452986, 514.74520749, 346.7016572, 411.93412764, 415.99230259, 504.13527355, 144.00773029, 392.14132905, 278.62940203], [380.06663126, 70.86923975, 348.50525661, 270.86690701, 102.44937506, 438.13977932, 137.00446196, 247.94368416, 273.03203515, 111.18270335, 167.23975782, 473.7667347, 310.61840825, 442.89460933, 133.07446981, 273.95211332, 189.53082116, 495.01237134, 408.83284052, 400.78845064, 501.44205531, 329.29547141, 181.17165495, 222.93841656, 234.47383353, 433.3503492, 304.50768758, 358.79069149, 450.54159309, 315.85802177, 265.9951204, 253.00048791, 339.51575342, 308.80149772, 428.96568506, 39.12269364], [294.22707982, 394.78149513, 117.15308173, 276.63775664, 537.2639911, 200.90698295, 594.93156467, 225.65002189, 712.27365839, 477.47954887, 330.91987187, 143.1045771, 441.42611879, 893.68409831, 433.05498, 736.18116539, 624.18094957, 38.86001519, 806.42072452, 214.16788689, 70.26086789, 649.80940129, 566.02929718, 255.45789003, 458.73861353, 116.1663239, 219.78955241, 289.58880627, 885.1653954, 723.70463864, 726.72760217, 366.32535678, 804.89955539, 547.43300683, 792.11678705, 503.53664483], [691.80357551, 365.71201096, 605.78883569, 450.02528639, 211.23370946, 609.16609255, 294.49137567, 532.28983435, 88.8561331, 403.11070432, 475.58608281, 761.77950797, 343.283085, 214.94219865, 283.86495576, 290.33754121, 356.39317541, 735.49864477, 95.97394993, 703.57471238, 767.98072089, 135.25193229, 151.51773897, 463.09199155, 278.06310265, 644.15135718, 603.97856123, 493.12984619, 178.4311383, 12.19132768, 173.42376613, 566.16007424, 247.96589766, 238.46745741, 126.2985312, 297.4217832], [72.40775104, 255.78820561, 207.13222004, 326.44131869, 410.4888655, 397.00553655, 400.56519623, 138.71368872, 583.06526783, 260.10128578, 145.20013494, 203.92688412, 481.48794509, 746.95065838, 365.2485926, 535.55335401, 403.37774151, 319.48533953, 716.66622135, 104.37101275, 273.09371053, 608.90277406, 476.63134786, 239.06414873, 447.16688282, 333.98302354, 69.43481763, 405.86375398, 759.93524679, 624.1484016, 565.82177354, 95.63967286, 623.37282146, 545.07348248, 728.86498273, 336.46041003]]}